	Year	ref
0	1001	-8.142
1	1002	-8.522
2	1003	-8.734
3	1004	-8.827
4	1005	-8.886
5	1006	-8.894
6	1007	-8.881
7	1008	-8.952
8	1009	-9.078
9	1010	-9.191
10	1011	-9.341
11	1012	-9.484
12	1013	-9.521
13	1014	-9.506
14	1015	-9.474
15	1016	-9.347
16	1017	-9.163
17	1018	-9.06
18	1019	-9.088
19	1020	-9.204
20	1021	-9.303
21	1022	-9.327
22	1023	-9.339
23	1024	-9.357
24	1025	-9.322
25	1026	-9.292
26	1027	-9.333
27	1028	-9.354
28	1029	-9.329
29	1030	-9.322
30	1031	-9.379
31	1032	-9.452
32	1033	-9.477
33	1034	-9.548
34	1035	-9.68
35	1036	-9.739
36	1037	-9.681
37	1038	-9.557
38	1039	-9.431
39	1040	-9.335
40	1041	-9.257
41	1042	-9.223
42	1043	-9.247
43	1044	-9.301
44	1045	-9.379
45	1046	-9.429
46	1047	-9.462
47	1048	-9.525
48	1049	-9.588
49	1050	-9.653
50	1051	-9.69
51	1052	-9.608
52	1053	-9.398
53	1054	-9.147
54	1055	-8.997
55	1056	-8.977
56	1057	-8.982
57	1058	-8.986
58	1059	-9.054
59	1060	-9.204
60	1061	-9.364
61	1062	-9.483
62	1063	-9.588
63	1064	-9.679
64	1065	-9.735
65	1066	-9.739
66	1067	-9.703
67	1068	-9.66
68	1069	-9.629
69	1070	-9.6
70	1071	-9.518
71	1072	-9.401
72	1073	-9.32
73	1074	-9.235
74	1075	-9.11
75	1076	-9.019
76	1077	-8.99
77	1078	-8.974
78	1079	-8.963
79	1080	-9.008
80	1081	-9.081
81	1082	-9.058
82	1083	-8.982
83	1084	-8.987
84	1085	-9.004
85	1086	-8.964
86	1087	-8.944
87	1088	-8.943
88	1089	-8.918
89	1090	-8.93
90	1091	-9.001
91	1092	-9.043
92	1093	-8.997
93	1094	-8.879
94	1095	-8.751
95	1096	-8.702
96	1097	-8.739
97	1098	-8.757
98	1099	-8.727
99	1100	-8.682
100	1101	-8.639
101	1102	-8.662
102	1103	-8.751
103	1104	-8.853
104	1105	-8.983
105	1106	-9.138
106	1107	-9.226
107	1108	-9.223
108	1109	-9.225
109	1110	-9.236
110	1111	-9.204
111	1112	-9.154
112	1113	-9.1
113	1114	-9.107
114	1115	-9.198
115	1116	-9.269
116	1117	-9.301
117	1118	-9.311
118	1119	-9.308
119	1120	-9.307
120	1121	-9.278
121	1122	-9.265
122	1123	-9.312
123	1124	-9.369
124	1125	-9.398
125	1126	-9.408
126	1127	-9.431
127	1128	-9.466
128	1129	-9.504
129	1130	-9.496
130	1131	-9.361
131	1132	-9.184
132	1133	-9.113
133	1134	-9.094
134	1135	-9.008
135	1136	-8.92
136	1137	-8.942
137	1138	-9.014
138	1139	-9.059
139	1140	-9.125
140	1141	-9.258
141	1142	-9.403
142	1143	-9.458
143	1144	-9.419
144	1145	-9.369
145	1146	-9.317
146	1147	-9.317
147	1148	-9.425
148	1149	-9.519
149	1150	-9.507
150	1151	-9.434
151	1152	-9.36
152	1153	-9.315
153	1154	-9.314
154	1155	-9.355
155	1156	-9.442
156	1157	-9.578
157	1158	-9.705
158	1159	-9.78
159	1160	-9.783
160	1161	-9.706
161	1162	-9.597
162	1163	-9.483
163	1164	-9.364
164	1165	-9.266
165	1166	-9.154
166	1167	-9.036
167	1168	-9.047
168	1169	-9.132
169	1170	-9.151
170	1171	-9.15
171	1172	-9.168
172	1173	-9.183
173	1174	-9.215
174	1175	-9.213
175	1176	-9.144
176	1177	-9.11
177	1178	-9.139
178	1179	-9.15
179	1180	-9.156
180	1181	-9.157
181	1182	-9.138
182	1183	-9.134
183	1184	-9.091
184	1185	-9.009
185	1186	-8.976
186	1187	-8.978
187	1188	-8.973
188	1189	-9.044
189	1190	-9.209
190	1191	-9.334
191	1192	-9.364
192	1193	-9.361
193	1194	-9.344
194	1195	-9.312
195	1196	-9.289
196	1197	-9.262
197	1198	-9.216
198	1199	-9.173
199	1200	-9.163
200	1201	-9.188
201	1202	-9.257
202	1203	-9.366
203	1204	-9.442
204	1205	-9.41
205	1206	-9.308
206	1207	-9.203
207	1208	-9.102
208	1209	-9.033
209	1210	-9.033
210	1211	-9.076
211	1212	-9.09
212	1213	-9.061
213	1214	-9.054
214	1215	-9.055
215	1216	-9.006
216	1217	-8.937
217	1218	-8.89
218	1219	-8.86
219	1220	-8.834
220	1221	-8.849
221	1222	-8.913
222	1223	-8.95
223	1224	-8.991
224	1225	-9.091
225	1226	-9.155
226	1227	-9.142
227	1228	-9.128
228	1229	-9.17
229	1230	-9.258
230	1231	-9.312
231	1232	-9.311
232	1233	-9.323
233	1234	-9.369
234	1235	-9.421
235	1236	-9.442
236	1237	-9.416
237	1238	-9.408
238	1239	-9.454
239	1240	-9.492
240	1241	-9.476
241	1242	-9.444
242	1243	-9.458
243	1244	-9.528
244	1245	-9.607
245	1246	-9.649
246	1247	-9.679
247	1248	-9.728
248	1249	-9.732
249	1250	-9.676
250	1251	-9.672
251	1252	-9.709
252	1253	-9.688
253	1254	-9.665
254	1255	-9.681
255	1256	-9.684
256	1257	-9.677
257	1258	-9.659
258	1259	-9.566
259	1260	-9.383
260	1261	-9.221
261	1262	-9.14
262	1263	-9.099
263	1264	-9.108
264	1265	-9.156
265	1266	-9.186
266	1267	-9.242
267	1268	-9.344
268	1269	-9.398
269	1270	-9.384
270	1271	-9.36
271	1272	-9.337
272	1273	-9.291
273	1274	-9.237
274	1275	-9.237
275	1276	-9.272
276	1277	-9.241
277	1278	-9.189
278	1279	-9.194
279	1280	-9.167
280	1281	-9.111
281	1282	-9.168
282	1283	-9.317
283	1284	-9.375
284	1285	-9.26
285	1286	-9.096
286	1287	-9.054
287	1288	-9.108
288	1289	-9.125
289	1290	-9.099
290	1291	-9.101
291	1292	-9.103
292	1293	-9.108
293	1294	-9.198
294	1295	-9.374
295	1296	-9.528
296	1297	-9.586
297	1298	-9.595
298	1299	-9.618
299	1300	-9.651
300	1301	-9.656
301	1302	-9.662
302	1303	-9.692
303	1304	-9.674
304	1305	-9.582
305	1306	-9.509
306	1307	-9.48
307	1308	-9.415
308	1309	-9.322
309	1310	-9.278
310	1311	-9.293
311	1312	-9.335
312	1313	-9.366
313	1314	-9.368
314	1315	-9.364
315	1316	-9.35
316	1317	-9.313
317	1318	-9.286
318	1319	-9.269
319	1320	-9.228
320	1321	-9.161
321	1322	-9.108
322	1323	-9.14
323	1324	-9.211
324	1325	-9.196
325	1326	-9.109
326	1327	-9.115
327	1328	-9.265
328	1329	-9.403
329	1330	-9.457
330	1331	-9.493
331	1332	-9.531
332	1333	-9.55
333	1334	-9.527
334	1335	-9.49
335	1336	-9.478
336	1337	-9.437
337	1338	-9.364
338	1339	-9.306
339	1340	-9.252
340	1341	-9.197
341	1342	-9.168
342	1343	-9.211
343	1344	-9.294
344	1345	-9.356
345	1346	-9.433
346	1347	-9.493
347	1348	-9.465
348	1349	-9.414
349	1350	-9.366
350	1351	-9.244
351	1352	-9.121
352	1353	-9.111
353	1354	-9.15
354	1355	-9.168
355	1356	-9.167
356	1357	-9.135
357	1358	-9.092
358	1359	-9.111
359	1360	-9.161
360	1361	-9.135
361	1362	-9.099
362	1363	-9.171
363	1364	-9.245
364	1365	-9.21
365	1366	-9.157
366	1367	-9.152
367	1368	-9.137
368	1369	-9.126
369	1370	-9.16
370	1371	-9.229
371	1372	-9.349
372	1373	-9.451
373	1374	-9.462
374	1375	-9.464
375	1376	-9.498
376	1377	-9.511
377	1378	-9.536
378	1379	-9.593
379	1380	-9.617
380	1381	-9.595
381	1382	-9.549
382	1383	-9.448
383	1384	-9.325
384	1385	-9.289
385	1386	-9.336
386	1387	-9.386
387	1388	-9.403
388	1389	-9.356
389	1390	-9.242
390	1391	-9.131
391	1392	-9.083
392	1393	-9.077
393	1394	-9.089
394	1395	-9.141
395	1396	-9.189
396	1397	-9.223
397	1398	-9.309
398	1399	-9.395
399	1400	-9.447
400	1401	-9.51
401	1402	-9.545
402	1403	-9.486
403	1404	-9.38
404	1405	-9.334
405	1406	-9.321
406	1407	-9.221
407	1408	-9.031
408	1409	-8.851
409	1410	-8.782
410	1411	-8.812
411	1412	-8.874
412	1413	-8.967
413	1414	-9.044
414	1415	-9.06
415	1416	-9.111
416	1417	-9.257
417	1418	-9.436
418	1419	-9.576
419	1420	-9.614
420	1421	-9.548
421	1422	-9.448
422	1423	-9.342
423	1424	-9.215
424	1425	-9.119
425	1426	-9.116
426	1427	-9.186
427	1428	-9.292
428	1429	-9.358
429	1430	-9.363
430	1431	-9.346
431	1432	-9.295
432	1433	-9.225
433	1434	-9.181
434	1435	-9.161
435	1436	-9.133
436	1437	-9.113
437	1438	-9.154
438	1439	-9.21
439	1440	-9.193
440	1441	-9.115
441	1442	-9.078
442	1443	-9.136
443	1444	-9.216
444	1445	-9.297
445	1446	-9.393
446	1447	-9.437
447	1448	-9.412
448	1449	-9.367
449	1450	-9.356
450	1451	-9.412
451	1452	-9.493
452	1453	-9.542
453	1454	-9.549
454	1455	-9.519
455	1456	-9.495
456	1457	-9.554
457	1458	-9.663
458	1459	-9.712
459	1460	-9.656
460	1461	-9.531
461	1462	-9.39
462	1463	-9.266
463	1464	-9.242
464	1465	-9.334
465	1466	-9.396
466	1467	-9.342
467	1468	-9.253
468	1469	-9.247
469	1470	-9.317
470	1471	-9.377
471	1472	-9.43
472	1473	-9.481
473	1474	-9.487
474	1475	-9.437
475	1476	-9.307
476	1477	-9.136
477	1478	-9.07
478	1479	-9.135
479	1480	-9.233
480	1481	-9.307
481	1482	-9.37
482	1483	-9.464
483	1484	-9.522
484	1485	-9.508
485	1486	-9.508
486	1487	-9.509
487	1488	-9.463
488	1489	-9.417
489	1490	-9.373
490	1491	-9.303
491	1492	-9.282
492	1493	-9.336
493	1494	-9.335
494	1495	-9.281
495	1496	-9.276
496	1497	-9.268
497	1498	-9.251
498	1499	-9.319
499	1500	-9.413
500	1501	-9.441
501	1502	-9.406
502	1503	-9.346
503	1504	-9.316
504	1505	-9.341
505	1506	-9.381
506	1507	-9.436
507	1508	-9.495
508	1509	-9.467
509	1510	-9.381
510	1511	-9.303
511	1512	-9.193
512	1513	-9.072
513	1514	-8.948
514	1515	-8.813
515	1516	-8.737
516	1517	-8.697
517	1518	-8.658
518	1519	-8.704
519	1520	-8.818
520	1521	-8.909
521	1522	-8.987
522	1523	-9.075
523	1524	-9.129
524	1525	-9.117
525	1526	-9.073
526	1527	-9.044
527	1528	-9.039
528	1529	-9.08
529	1530	-9.13
530	1531	-9.141
531	1532	-9.17
532	1533	-9.188
533	1534	-9.151
534	1535	-9.118
535	1536	-9.096
536	1537	-9.114
537	1538	-9.183
538	1539	-9.249
539	1540	-9.34
540	1541	-9.427
541	1542	-9.404
542	1543	-9.34
543	1544	-9.291
544	1545	-9.198
545	1546	-9.127
546	1547	-9.135
547	1548	-9.105
548	1549	-9.018
549	1550	-8.986
550	1551	-9.0
551	1552	-8.996
552	1553	-8.978
553	1554	-9.016
554	1555	-9.116
555	1556	-9.153
556	1557	-9.157
557	1558	-9.22
558	1559	-9.282
559	1560	-9.301
560	1561	-9.346
561	1562	-9.449
562	1563	-9.538
563	1564	-9.59
564	1565	-9.607
565	1566	-9.54
566	1567	-9.443
567	1568	-9.354
568	1569	-9.209
569	1570	-9.079
570	1571	-9.1
571	1572	-9.238
572	1573	-9.36
573	1574	-9.455
574	1575	-9.554
575	1576	-9.63
576	1577	-9.682
577	1578	-9.677
578	1579	-9.627
579	1580	-9.631
580	1581	-9.617
581	1582	-9.498
582	1583	-9.365
583	1584	-9.273
584	1585	-9.184
585	1586	-9.147
586	1587	-9.211
587	1588	-9.287
588	1589	-9.325
589	1590	-9.347
590	1591	-9.356
591	1592	-9.364
592	1593	-9.346
593	1594	-9.272
594	1595	-9.14
595	1596	-9.009
596	1597	-8.969
597	1598	-8.95
598	1599	-8.888
599	1600	-8.908
600	1601	-9.063
601	1602	-9.269
602	1603	-9.439
603	1604	-9.503
604	1605	-9.454
605	1606	-9.359
606	1607	-9.277
607	1608	-9.225
608	1609	-9.182
609	1610	-9.147
610	1611	-9.143
611	1612	-9.144
612	1613	-9.164
613	1614	-9.219
614	1615	-9.249
615	1616	-9.264
616	1617	-9.282
617	1618	-9.3
618	1619	-9.316
619	1620	-9.289
620	1621	-9.233
621	1622	-9.158
622	1623	-9.064
623	1624	-9.024
624	1625	-9.017
625	1626	-8.986
626	1627	-9.017
627	1628	-9.126
628	1629	-9.195
629	1630	-9.222
630	1631	-9.253
631	1632	-9.28
632	1633	-9.374
633	1634	-9.542
634	1635	-9.659
635	1636	-9.68
636	1637	-9.628
637	1638	-9.527
638	1639	-9.425
639	1640	-9.318
640	1641	-9.215
641	1642	-9.145
642	1643	-9.058
643	1644	-8.961
644	1645	-8.941
645	1646	-8.993
646	1647	-9.036
647	1648	-9.041
648	1649	-9.071
649	1650	-9.17
650	1651	-9.232
651	1652	-9.196
652	1653	-9.191
653	1654	-9.235
654	1655	-9.188
655	1656	-9.094
656	1657	-9.113
657	1658	-9.241
658	1659	-9.345
659	1660	-9.339
660	1661	-9.269
661	1662	-9.26
662	1663	-9.366
663	1664	-9.524
664	1665	-9.62
665	1666	-9.608
666	1667	-9.555
667	1668	-9.489
668	1669	-9.414
669	1670	-9.405
670	1671	-9.469
671	1672	-9.513
672	1673	-9.492
673	1674	-9.452
674	1675	-9.403
675	1676	-9.312
676	1677	-9.204
677	1678	-9.159
678	1679	-9.162
679	1680	-9.159
680	1681	-9.218
681	1682	-9.366
682	1683	-9.456
683	1684	-9.458
684	1685	-9.487
685	1686	-9.567
686	1687	-9.637
687	1688	-9.619
688	1689	-9.53
689	1690	-9.505
690	1691	-9.574
691	1692	-9.609
692	1693	-9.568
693	1694	-9.551
694	1695	-9.567
695	1696	-9.489
696	1697	-9.343
697	1698	-9.294
698	1699	-9.335
699	1700	-9.337
700	1701	-9.31
701	1702	-9.289
702	1703	-9.286
703	1704	-9.341
704	1705	-9.379
705	1706	-9.293
706	1707	-9.194
707	1708	-9.238
708	1709	-9.352
709	1710	-9.442
710	1711	-9.507
711	1712	-9.491
712	1713	-9.389
713	1714	-9.291
714	1715	-9.199
715	1716	-9.096
716	1717	-9.063
717	1718	-9.093
718	1719	-9.079
719	1720	-9.057
720	1721	-9.118
721	1722	-9.171
722	1723	-9.194
723	1724	-9.292
724	1725	-9.397
725	1726	-9.388
726	1727	-9.349
727	1728	-9.36
728	1729	-9.36
729	1730	-9.359
730	1731	-9.374
731	1732	-9.366
732	1733	-9.376
733	1734	-9.396
734	1735	-9.365
735	1736	-9.285
736	1737	-9.203
737	1738	-9.178
738	1739	-9.197
739	1740	-9.224
740	1741	-9.297
741	1742	-9.402
742	1743	-9.461
743	1744	-9.436
744	1745	-9.351
745	1746	-9.273
746	1747	-9.227
747	1748	-9.205
748	1749	-9.261
749	1750	-9.339
750	1751	-9.339
751	1752	-9.363
752	1753	-9.441
753	1754	-9.465
754	1755	-9.478
755	1756	-9.508
756	1757	-9.51
757	1758	-9.51
758	1759	-9.456
759	1760	-9.301
760	1761	-9.151
761	1762	-9.08
762	1763	-9.072
763	1764	-9.099
764	1765	-9.14
765	1766	-9.204
766	1767	-9.262
767	1768	-9.262
768	1769	-9.217
769	1770	-9.176
770	1771	-9.163
771	1772	-9.135
772	1773	-9.081
773	1774	-9.11
774	1775	-9.187
775	1776	-9.164
776	1777	-9.093
777	1778	-9.13
778	1779	-9.239
779	1780	-9.301
780	1781	-9.344
781	1782	-9.369
782	1783	-9.308
783	1784	-9.229
784	1785	-9.205
785	1786	-9.163
786	1787	-9.091
787	1788	-9.062
788	1789	-9.042
789	1790	-8.965
790	1791	-8.925
791	1792	-9.013
792	1793	-9.102
793	1794	-9.101
794	1795	-9.099
795	1796	-9.115
796	1797	-9.105
797	1798	-9.053
798	1799	-8.963
799	1800	-8.853
800	1801	-8.775
801	1802	-8.787
802	1803	-8.841
803	1804	-8.887
804	1805	-8.932
805	1806	-8.978
806	1807	-9.034
807	1808	-9.061
808	1809	-9.044
809	1810	-9.072
810	1811	-9.186
811	1812	-9.286
812	1813	-9.314
813	1814	-9.35
814	1815	-9.41
815	1816	-9.402
816	1817	-9.402
817	1818	-9.516
818	1819	-9.634
819	1820	-9.669
820	1821	-9.693
821	1822	-9.723
822	1823	-9.681
823	1824	-9.559
824	1825	-9.448
825	1826	-9.413
826	1827	-9.408
827	1828	-9.355
828	1829	-9.265
829	1830	-9.198
830	1831	-9.172
831	1832	-9.158
832	1833	-9.154
833	1834	-9.21
834	1835	-9.302
835	1836	-9.378
836	1837	-9.434
837	1838	-9.413
838	1839	-9.312
839	1840	-9.221
840	1841	-9.151
841	1842	-9.115
842	1843	-9.158
843	1844	-9.197
844	1845	-9.199
845	1846	-9.237
846	1847	-9.279
847	1848	-9.276
848	1849	-9.266
849	1850	-9.281
850	1851	-9.337
851	1852	-9.436
852	1853	-9.545
853	1854	-9.61
854	1855	-9.578
855	1856	-9.45
856	1857	-9.333
857	1858	-9.286
858	1859	-9.249
859	1860	-9.217
860	1861	-9.172
861	1862	-9.062
862	1863	-8.964
863	1864	-8.968
864	1865	-8.993
865	1866	-8.978
866	1867	-8.954
867	1868	-8.975
868	1869	-9.103
869	1870	-9.233
870	1871	-9.245
871	1872	-9.216
872	1873	-9.189
873	1874	-9.135
874	1875	-9.113
875	1876	-9.15
876	1877	-9.126
877	1878	-9.012
878	1879	-8.947
879	1880	-8.97
880	1881	-8.958
881	1882	-8.934
882	1883	-9.003
883	1884	-9.093
884	1885	-9.167
885	1886	-9.247
886	1887	-9.251
887	1888	-9.15
888	1889	-9.061
889	1890	-9.08
890	1891	-9.157
891	1892	-9.195
892	1893	-9.188
893	1894	-9.181
894	1895	-9.18
895	1896	-9.161
896	1897	-9.144
897	1898	-9.151
898	1899	-9.153
899	1900	-9.145
900	1901	-9.148
901	1902	-9.101
902	1903	-8.979
903	1904	-8.906
904	1905	-8.874
905	1906	-8.787
906	1907	-8.721
907	1908	-8.73
908	1909	-8.726
909	1910	-8.684
910	1911	-8.686
911	1912	-8.7
912	1913	-8.681
913	1914	-8.708
914	1915	-8.831
915	1916	-8.991
916	1917	-9.107
917	1918	-9.123
918	1919	-9.045
919	1920	-9.005
920	1921	-9.076
921	1922	-9.155
922	1923	-9.165
923	1924	-9.137
924	1925	-9.082
925	1926	-9.023
926	1927	-9.059
927	1928	-9.156
928	1929	-9.146
929	1930	-9.046
930	1931	-9.012
931	1932	-9.11
932	1933	-9.266
933	1934	-9.347
934	1935	-9.361
935	1936	-9.399
936	1937	-9.442
937	1938	-9.446
938	1939	-9.475
939	1940	-9.52
940	1941	-9.49
941	1942	-9.463
942	1943	-9.486
943	1944	-9.436
944	1945	-9.29
945	1946	-9.119
946	1947	-8.971
947	1948	-8.915
948	1949	-8.943
949	1950	-8.967
950	1951	-8.925
951	1952	-8.837
952	1953	-8.817
953	1954	-8.879
954	1955	-8.911
955	1956	-8.921
956	1957	-8.999
957	1958	-9.101
958	1959	-9.141
959	1960	-9.181
960	1961	-9.294
961	1962	-9.397
962	1963	-9.413
963	1964	-9.364
964	1965	-9.3
965	1966	-9.265
966	1967	-9.261
967	1968	-9.275
968	1969	-9.317
969	1970	-9.356
970	1971	-9.327
971	1972	-9.262
972	1973	-9.233
973	1974	-9.224
974	1975	-9.188
975	1976	-9.112
976	1977	-9.052
977	1978	-9.062
978	1979	-9.147
979	1980	-9.292
980	1981	-9.415
981	1982	-9.438
982	1983	-9.389
983	1984	-9.346
984	1985	-9.312
985	1986	-9.266
986	1987	-9.231
987	1988	-9.18
988	1989	-9.103
989	1990	-9.051
990	1991	-9.025
991	1992	-8.98
992	1993	-8.929
993	1994	-8.914
994	1995	-8.911
995	1996	-8.935
996	1997	-9.009
997	1998	-9.089
998	1999	-9.198
999	2000	-9.366
