depth	true_age	cal_c14_age	sigma_age	d18O	sigma_d18O
0.0	1978.02				
2.5	1970.41	1970.0	0.5		
2.5	1970.41	1969.0	1.5		
27.75	1836.23	1836.0	1.0		
35.25	1787.34	1787.0	1.0		
54.0	1660.91	1660.0	1.5		
72.5	1557.29	1559.0	2.0		
78.75	1512.17	1512.0	1.5		
96.75	1278.68	1278.0	2.5		
0.1	1977.6677945131878			-8.652455209427046	0.1
0.16	1977.4564712211004			-8.535585717084867	0.1
0.26	1977.1042657342884			-8.687646308115722	0.1
0.36	1976.7520602474763			-8.74631726901407	0.1
0.52	1976.1885314685767			-8.806664003189104	0.1
0.68	1975.6250026896773			-8.787476719347602	0.1
0.78	1975.2727972028651			-8.545998885189407	0.1
0.89	1974.8853711673717			-8.569184352625278	0.1
1.04	1974.3570629371534			-8.87603791576019	0.1
1.2	1973.793534158254			-8.839678531687959	0.1
1.3	1973.4413286714419			-9.032071455088744	0.1
1.41	1973.0539026359484			-9.07708179345858	0.1
1.56	1972.52559440573			-9.246436268067777	0.1
1.72	1971.9620656268307			-9.04123957247542	0.1
1.82	1971.6098601400186			-8.786630657237804	0.1
1.93	1971.222434104525			-8.774223864362229	0.1
2.08	1970.788288480754			-8.768862084055964	0.1
2.24	1970.3982406672974			-8.96395241527316	0.1
2.34	1970.1544607838869			-8.79185555826095	0.1
2.45	1969.8871611072157			-8.926816958548367	0.1
2.6	1969.5242513883688			-8.83079843681535	0.1
2.71	1969.2581175945477			-8.82284796758542	0.1
2.76	1969.1371476882655			-8.617717550891191	0.1
2.81	1969.016177781983			-8.849816551479115	0.1
2.86	1968.8952078757009			-8.71860163466868	0.1
2.97	1968.6290740818797			-8.80475503041866	0.1
3.13	1968.2419703817764			-8.756797959402713	0.1
3.28	1967.8790606629293			-8.459929795908552	0.1
3.39	1967.6129268691084			-8.663527768358623	0.1
3.49	1967.3709870565438			-8.647380286457414	0.1
3.65	1966.9823140842532			-8.633997459859698	0.1
3.8	1966.5840679675962			-8.566133369551384	0.1
3.91	1966.292020815381			-8.397125578406472	0.1
4.01	1966.026523404276			-8.432021405246003	0.1
4.17	1964.9712166425163			-8.55515862186505	0.1
4.32	1963.9425013160917			-8.306012916237217	0.1
4.43	1963.1881100767137			-8.215046369902026	0.1
4.53	1962.502299859097			-8.458787936533994	0.1
4.69	1961.405003510911			-8.678270823287923	0.1
4.84	1960.3762881844864			-8.540414313205961	0.1
4.95	1959.6218969451083			-8.55609288626779	0.1
5.04	1959.0046677492535			-8.34347215505482	0.1
5.16	1958.1816954881137			-8.51930555098392	0.1
5.28	1957.3587232269742			-8.659963120788953	0.1
5.36	1956.810075052881			-8.53498809497492	0.1
5.44	1956.261426878788			-8.506930588827776	0.1
5.56	1955.4384546176482			-8.743833850098689	0.1
5.69	1954.546901334747			-8.545320580551143	0.1
5.77	1953.9982531606538			-8.83043363580171	0.1
5.85	1953.4496049865606			-8.87477293897186	0.1
5.97	1952.822475032576			-8.787555940909433	0.1
6.09	1952.4311763468133			-8.799551007027032	0.1
6.17	1952.1703105563047			-8.765193255160613	0.1
6.25	1951.9474039291338			-8.843076649611202	0.1
6.37	1951.7201307782525			-8.625057422977372	0.1
6.77	1950.962553608649			-8.657429480103431	0.1
7.18	1950.1860370098052			-8.586926072742118	0.1
7.58	1949.4284598402014			-8.743739674421247	0.1
7.98	1948.6435319918521			-8.568801044251183	0.1
8.39	1947.7924862928996			-8.732842423818054	0.1
8.79	1946.9304170424198			-8.916889895988382	0.1
9.19	1946.06834779194			-8.611431399394728	0.1
9.6	1945.184726810198			-8.693737860916421	0.1
10.0	1944.1686256063558			-8.669320025955368	0.1
10.43	1942.1461644574179			-8.495859086500943	0.1
10.85	1940.0202874737756			-8.386931930710283	0.1
11.28	1937.8437943714753			-8.54106577271699	0.1
11.71	1935.667301269175			-8.295201515252122	0.1
12.14	1933.6936510760677			-8.505943162003238	0.1
12.56	1932.1763028200048			-8.507768779937532	0.1
12.99	1930.6228272245119			-8.492422876543264	0.1
13.42	1929.0693516290191			-8.542939121963078	0.1
13.85	1927.5158760335262			-8.702843756733946	0.1
14.27	1925.5739568137146			-8.55412279591918	0.1
14.7	1923.3443126463253			-8.383460069445135	0.1
15.13	1921.1146684789362			-8.402033276965472	0.1
15.57	1918.8331721216077			-8.22254428312986	0.1
16.01	1916.3707912976015			-8.368029811815655	0.1
16.45	1912.1477551450166			-8.718136997753167	0.1
16.89	1907.7909995093526			-8.57219854147611	0.1
17.32	1903.5332610472262			-8.670428725720042	0.1
17.76	1899.176505411562			-8.43770292592102	0.1
18.2	1895.5023646766517			-8.59817912166072	0.1
18.64	1892.647361822646			-8.379008815351982	0.1
19.08	1889.7923589686402			-8.51306364214921	0.1
19.52	1886.9373561146342			-8.761067324289565	0.1
19.96	1884.0823532606285			-8.88081076806872	0.1
20.38	1881.7478138531078			-8.690990077129868	0.1
20.81	1879.3997946735983			-8.724963770530946	0.1
21.23	1877.1063805912866			-8.392749789662599	0.1
21.65	1874.812966508975			-8.385656628950034	0.1
22.08	1872.6568379158807			-8.42320390345987	0.1
22.5	1871.216532010881			-8.631089012780546	0.1
22.92	1869.8009168901006			-8.723794241305628	0.1
23.35	1868.3515966473965			-8.519455183573916	0.1
23.77	1866.9285135854877			-8.38346457177445	0.1
24.19	1864.332026966167			-8.818572884068361	0.1
24.62	1860.19330693895			-8.527984672151828	0.1
25.04	1856.1508362146917			-8.342790913875374	0.1
25.44	1852.3008640963503			-8.395947183160185	0.1
25.83	1848.5471412809677			-8.6908844239302	0.1
26.23	1845.3846777521067			-8.762257005101159	0.1
26.63	1842.7303727459052			-8.307463288060719	0.1
27.02	1840.1424253648588			-8.607322005292897	0.1
27.42	1837.4881203586572			-8.897390347487246	0.1
27.82	1834.8338153524558			-8.880732725035694	0.1
28.21	1831.9986050019359			-9.042290476150805	0.1
28.61	1828.8733229110233			-9.09417276550112	0.1
29.01	1825.7480408201106			-8.751969033267299	0.1
29.4	1822.700890781471			-8.716262931016654	0.1
29.8	1819.5756086905583			-8.410050533041778	0.1
30.22	1816.4472836817765			-8.484147841618345	0.1
30.66	1813.3159157551258			-8.364261935209777	0.1
31.11	1810.1133803755968			-8.582250731576591	0.1
31.55	1806.982012448946			-8.8485672030823	0.1
31.99	1803.9135712220416			-8.704876795122932	0.1
32.43	1802.197206768679			-8.7407365115358	0.1
32.88	1800.541342500465			-8.540253571882051	0.1
33.32	1798.9222752159887			-8.516548285757855	0.1
33.76	1797.3032079315126			-8.454671047159362	0.1
34.2	1794.9091331210789			-8.558050620159573	0.1
34.65	1791.5095019194598			-8.660776264110666	0.1
35.09	1788.1854180778766			-8.665234520681711	0.1
35.54	1784.7857868762576			-8.468791370333108	0.1
35.98	1781.636083936504			-8.435160924134589	0.1
36.43	1780.0330206139372			-8.454041269170109	0.1
36.88	1778.69601022952			-8.726541002895837	0.1
37.32	1777.3887111869788			-8.911208429722548	0.1
37.77	1776.0517008025615			-8.684901688768955	0.1
38.21	1771.156776217007			-8.51172587284666	0.1
38.66	1762.1319968118476			-8.767333775513693	0.1
39.11	1753.107217406688			-8.78475936652413	0.1
39.55	1744.2829886549764			-8.846300578806142	0.1
40.0	1735.546212036627			-8.599353180455783	0.1
40.44	1732.706337488483			-8.463538488776372	0.1
40.88	1730.1544657271493			-8.391830328788423	0.1
41.33	1727.5445968803308			-8.492889386653427	0.1
41.77	1724.9927251189972			-8.575828970285068	0.1
42.21	1722.5701853950397			-8.885499590898966	0.1
42.65	1720.2892950453515			-8.65560137593426	0.1
43.1	1717.9565662786247			-8.723050215896803	0.1
43.54	1715.6756759289365			-8.791708381700898	0.1
43.98	1713.2980605901203			-8.72368987812602	0.1
44.42	1709.157015975017			-8.854244702367472	0.1
44.87	1704.7276308641374			-8.947060788042085	0.1
45.34	1700.1013841927738			-8.712599610047217	0.1
45.58	1697.7390454669714			-8.808817674411218	0.1
45.68	1696.7547376645537			-9.01430827040455	0.1
45.83	1695.2782759609272			-8.90575304854638	0.1
46.17	1693.5769596032956			-8.780916082262916	0.1
46.31	1693.295113227352			-8.562818221078444	0.1
46.8	1692.545003532096			-8.785271175300732	0.1
47.28	1691.9090340332634			-8.66726954614633	0.1
47.77	1691.259815169872			-8.694793988136743	0.1
48.25	1690.0944496971215			-8.743795578349495	0.1
48.74	1688.427432378322			-8.67970899784273	0.1
49.22	1686.7878773037105			-8.82654289876639	0.1
49.71	1685.1141648317114			-8.945735460437671	0.1
50.19	1682.955764022826			-8.845933593314497	0.1
50.66	1680.0669058450296			-8.799226877814501	0.1
51.13	1677.1780476672334			-8.958166686262427	0.1
51.6	1674.289189489437			-8.715327837249424	0.1
52.08	1671.3166632089187			-8.657260092424977	0.1
52.55	1668.3123777313347			-8.644679423988553	0.1
53.02	1665.3059081764447			-8.558329303342612	0.1
53.49	1662.2994386215546			-8.755063144627664	0.1
53.96	1659.2897628651			-8.707007637223548	0.1
54.43	1655.9054367714555			-8.571246233851605	0.1
54.91	1652.409627417941			-8.733315885384128	0.1
55.32	1649.4236235951473			-8.699706829204242	0.1
55.73	1646.4376197723536			-9.154086314722727	0.1
56.13	1642.8437680185364			-8.83804834579336	0.1
56.53	1637.836201887874			-8.353225891499497	0.1
56.94	1632.703446603945			-8.3498250247438	0.1
57.34	1627.6958804732826			-8.92398943661742	0.1
57.74	1622.68831434262			-8.642292392733616	0.1
58.15	1618.469762206976			-8.765844072218345	0.1
58.55	1615.9000711384065			-8.736348348016906	0.1
58.95	1613.3303800698368			-8.786322819220864	0.1
59.35	1610.760689001267			-8.396544648977878	0.1
59.76	1608.1267556559833			-8.426249681677822	0.1
60.2	1605.6471200753929			-8.642460167649556	0.1
60.69	1603.3494587737443			-8.720144635834199	0.1
61.18	1601.0517974720956			-8.770942830126765	0.1
61.67	1598.7541361704468			-8.70487923508744	0.1
62.16	1596.4557053664282			-8.903190886029803	0.1
62.65	1594.1556874637718			-9.013625737932568	0.1
63.14	1591.855669561115			-9.227595700394806	0.1
63.63	1589.5556516584586			-9.230912660609436	0.1
64.12	1587.5181375036077			-9.374690934635291	0.1
64.61	1586.0994611469384			-9.16688184605703	0.1
65.1	1584.7182697917547			-9.222419283055011	0.1
65.58	1583.3652660152484			-9.060464084718358	0.1
66.07	1581.9873913663112			-8.922412007250472	0.1
66.55	1580.6571307183515			-8.813575442291166	0.1
67.04	1579.2991563068929			-8.838627288579374	0.1
67.52	1577.9688956589334			-8.814796956952556	0.1
68.01	1576.6966344491466			-9.035898684929178	0.1
68.5	1575.6779619297033			-8.985908068252876	0.1
68.98	1574.7557157716838			-9.138244155738697	0.1
69.47	1573.8142561520388			-8.905372317725096	0.1
69.95	1572.82657702926			-9.009948372431916	0.1
70.37	1571.4443417360735			-9.092303609191251	0.1
70.79	1569.9100920092526			-9.036624070890866	0.1
71.2	1568.412372037832			-8.484056872045587	0.1
71.61	1566.9146520664115			-8.650454655346334	0.1
72.02	1565.348405866581			-8.556847123041868	0.1
72.44	1563.443427766046			-8.515954710967565	0.1
72.85	1561.5364023699187			-8.59167521473521	0.1
73.26	1559.6293769737918			-8.604686209653952	0.1
73.68	1557.6758387631248			-8.386290007969041	0.1
74.09	1554.6972879154332			-8.474204425937078	0.1
74.5	1547.9088687955116			-8.661005004443993	0.1
74.92	1540.954878477543			-8.594956371236169	0.1
75.35	1533.835316961528			-8.563841761313288	0.1
75.8	1526.3846130494187			-8.52514601728173	0.1
76.24	1521.912466043689			-8.689505071674631	0.1
76.68	1519.7844737949029			-9.002098318878904	0.1
77.12	1517.656481546117			-9.054130826770702	0.1
77.57	1515.4801258371315			-8.956476627119384	0.1
78.01	1513.6404831784116			-8.887048302996144	0.1
78.45	1512.6756806627195			-8.992262524687014	0.1
78.89	1511.96697130769			-8.84074785752431	0.1
79.12	1511.5965095993793			-9.018074550338909	0.1
79.34	1511.2421549218645			-8.80575033538792	0.1
79.56	1510.8715702339364			-8.922889005342173	0.1
79.78	1510.4659571550746			-8.787888690318399	0.1
80.0	1510.0603440762131			-8.831342256597914	0.1
80.26	1508.7564297548365			-8.714467715618653	0.1
80.52	1507.3337686203527			-8.67143641053469	0.1
80.77	1505.9658252218105			-8.54212227525221	0.1
81.03	1504.5431640873264			-8.593028119481056	0.1
81.29	1503.1205029528426			-8.717220779352324	0.1
81.55	1501.6978418183587			-8.686160417710866	0.1
81.8	1500.3298984198166			-8.815761563164076	0.1
82.06	1499.0273805328134			-8.770508976679269	0.1
82.32	1498.086936566115			-8.81517101368388	0.1
82.58	1497.1536932690346			-8.945927035053998	0.1
82.84	1496.2204499719544			-8.948484301286953	0.1
83.09	1495.3231006478388			-8.85881344621398	0.1
83.35	1494.3898573507588			-8.769721897429193	0.1
83.61	1493.4566140536785			-8.714185873231017	0.1
83.87	1492.49816109114			-8.930333425354862	0.1
84.12	1488.3046121843784			-8.54065344734261	0.1
84.38	1480.1749821830717			-9.009862829761518	0.1
84.64	1472.0453521817653			-9.028663154041997	0.1
84.9	1463.9157221804585			-8.810205557580975	0.1
85.15	1456.0987702561254			-8.964060506201974	0.1
85.39	1448.5944964087655			-8.881566685853159	0.1
85.63	1441.0902225614059			-9.102767653869815	0.1
85.87	1433.5859487140456			-8.739394279703436	0.1
86.12	1429.5531222777652			-8.92161301505801	0.1
86.36	1428.868551769922			-8.974198195998103	0.1
86.6	1428.433497140942			-8.89956466064874	0.1
86.84	1427.998442511962			-8.797741591122538	0.1
87.09	1427.5452606067743			-8.966939609150646	0.1
87.33	1427.110205977794			-8.822227375800873	0.1
87.57	1426.6751513488139			-8.80075783625594	0.1
87.82	1426.2219694436262			-8.726698041936459	0.1
88.06	1425.0040901526395			-8.60858578520837	0.1
88.3	1421.4530323766817			-8.745065873431496	0.1
88.54	1417.8989155005138			-8.644998849161022	0.1
88.79	1414.1967104211726			-8.789258094199607	0.1
89.03	1410.6425935450047			-9.049853732158821	0.1
89.27	1407.088476668837			-8.884462209879262	0.1
89.51	1403.5343597926694			-8.530937863950482	0.1
89.76	1399.832154713328			-8.641433095036918	0.1
90.0	1396.0976010093143			-8.733910937173263	0.1
90.25	1383.0956456365216			-8.821230892535393	0.1
90.49	1370.4405491239095			-8.289447166579272	0.1
90.74	1357.2581569232707			-8.632172784459321	0.1
90.98	1344.603060410657			-8.851203888599834	0.1
91.23	1331.4206682100184			-8.394651524988703	0.1
91.47	1318.7655716974061			-8.875350164949717	0.1
91.72	1305.5831794967676			-8.77184650928448	0.1
91.96	1292.9280829841546			-8.483418818201287	0.1
92.21	1289.9967691310494			-8.245208484144984	0.1
92.45	1289.0571907299031			-8.526927296016714	0.1
92.7	1288.0784632287093			-8.554394712148119	0.1
92.94	1287.1388848275633			-8.68475750410646	0.1
93.19	1286.1601573263695			-8.585979560226933	0.1
93.43	1285.2205789252232			-8.675653142475271	0.1
93.68	1284.2418514240294			-8.718487229600838	0.1
93.92	1283.3022730228834			-8.798919614843765	0.1
94.17	1282.7232302384707			-8.821274308762877	0.1
94.41	1282.3388039417111			-8.738115781264339	0.1
94.66	1281.938759367977			-8.974479938265684	0.1
94.9	1281.556824511786			-8.950785165647378	0.1
95.14	1281.1748896555953			-8.692425352864621	0.1
95.38	1280.7929547994047			-8.634226053932318	0.1
95.63	1280.3951059908727			-8.710061008368593	0.1
95.87	1280.013171134682			-8.859358423932974	0.1
96.11	1279.2875607398914			-8.686645928440202	0.1
96.35	1278.4197564163085			-8.68243978947868	0.1
96.59	1277.468990698866			-8.557996597300711	0.1
96.83	1276.5182249814236			-8.629750376642148	0.1
97.07	1275.5674592639812			-8.617081882936587	0.1
97.31	1274.6166935465387			-8.441580203630881	0.1
97.55	1273.6659278290963			-8.500418301834733	0.1
97.79	1272.7151621116539			-8.579696163910102	0.1
