% Year	d18O
1011	-7.31
1012	-7.72
1013	-8.01
1014	-8.17
1015	-8.25
1016	-8.26
1017	-8.22
1018	-8.24
1019	-8.30
1020	-8.36
1021	-8.43
1022	-8.53
1023	-8.57
1024	-8.58
1025	-8.60
1026	-8.56
1027	-8.47
1028	-8.42
1029	-8.44
1030	-8.53
1031	-8.60
1032	-8.65
1033	-8.72
1034	-8.82
1035	-8.85
1036	-8.83
1037	-8.86
1038	-8.89
1039	-8.87
1040	-8.82
1041	-8.82
1042	-8.85
1043	-8.86
1044	-8.89
1045	-8.98
1046	-9.04
1047	-9.05
1048	-9.03
1049	-8.97
1050	-8.92
1051	-8.86
1052	-8.81
1053	-8.77
1054	-8.76
1055	-8.79
1056	-8.83
1057	-8.88
1058	-8.97
1059	-9.06
1060	-9.12
1061	-9.16
1062	-9.13
1063	-9.00
1064	-8.83
1065	-8.70
1066	-8.67
1067	-8.66
1068	-8.63
1069	-8.66
1070	-8.74
1071	-8.83
1072	-8.91
1073	-9.00
1074	-9.09
1075	-9.14
1076	-9.15
1077	-9.12
1078	-9.07
1079	-9.02
1080	-9.01
1081	-8.96
1082	-8.87
1083	-8.79
1084	-8.72
1085	-8.61
1086	-8.54
1087	-8.53
1088	-8.52
1089	-8.51
1090	-8.52
1091	-8.56
1092	-8.54
1093	-8.48
1094	-8.47
1095	-8.49
1096	-8.47
1097	-8.46
1098	-8.46
1099	-8.45
1100	-8.45
1101	-8.48
1102	-8.53
1103	-8.53
1104	-8.48
1105	-8.41
1106	-8.39
1107	-8.44
1108	-8.50
1109	-8.51
1110	-8.48
1111	-8.42
1112	-8.40
1113	-8.44
1114	-8.50
1115	-8.61
1116	-8.74
1117	-8.80
1118	-8.79
1119	-8.79
1120	-8.81
1121	-8.81
1122	-8.78
1123	-8.75
1124	-8.74
1125	-8.78
1126	-8.81
1127	-8.79
1128	-8.75
1129	-8.73
1130	-8.72
1131	-8.68
1132	-8.63
1133	-8.64
1134	-8.67
1135	-8.69
1136	-8.70
1137	-8.72
1138	-8.73
1139	-8.73
1140	-8.71
1141	-8.60
1142	-8.45
1143	-8.40
1144	-8.44
1145	-8.44
1146	-8.42
1147	-8.42
1148	-8.44
1149	-8.46
1150	-8.52
1151	-8.61
1152	-8.69
1153	-8.72
1154	-8.71
1155	-8.71
1156	-8.68
1157	-8.66
1158	-8.72
1159	-8.78
1160	-8.78
1161	-8.74
1162	-8.71
1163	-8.67
1164	-8.64
1165	-8.61
1166	-8.62
1167	-8.71
1168	-8.83
1169	-8.91
1170	-8.92
1171	-8.85
1172	-8.75
1173	-8.65
1174	-8.57
1175	-8.53
1176	-8.51
1177	-8.50
1178	-8.57
1179	-8.68
1180	-8.74
1181	-8.75
1182	-8.74
1183	-8.71
1184	-8.69
1185	-8.69
1186	-8.70
1187	-8.73
1188	-8.76
1189	-8.77
1190	-8.77
1191	-8.76
1192	-8.73
1193	-8.72
1194	-8.70
1195	-8.68
1196	-8.69
1197	-8.72
1198	-8.72
1199	-8.77
1200	-8.92
1201	-9.04
1202	-9.07
1203	-9.05
1204	-9.00
1205	-8.94
1206	-8.90
1207	-8.86
1208	-8.80
1209	-8.73
1210	-8.69
1211	-8.69
1212	-8.73
1213	-8.79
1214	-8.84
1215	-8.81
1216	-8.72
1217	-8.64
1218	-8.58
1219	-8.51
1220	-8.47
1221	-8.48
1222	-8.49
1223	-8.46
1224	-8.44
1225	-8.44
1226	-8.43
1227	-8.37
1228	-8.30
1229	-8.23
1230	-8.17
1231	-8.14
1232	-8.16
1233	-8.17
1234	-8.22
1235	-8.33
1236	-8.43
1237	-8.48
1238	-8.54
1239	-8.62
1240	-8.72
1241	-8.79
1242	-8.80
1243	-8.81
1244	-8.82
1245	-8.82
1246	-8.79
1247	-8.72
1248	-8.67
1249	-8.67
1250	-8.68
1251	-8.67
1252	-8.67
1253	-8.68
1254	-8.72
1255	-8.78
1256	-8.82
1257	-8.83
1258	-8.88
1259	-8.91
1260	-8.88
1261	-8.85
1262	-8.86
1263	-8.86
1264	-8.85
1265	-8.88
1266	-8.89
1267	-8.89
1268	-8.91
1269	-8.87
1270	-8.75
1271	-8.63
1272	-8.56
1273	-8.53
1274	-8.53
1275	-8.56
1276	-8.57
1277	-8.61
1278	-8.68
1279	-8.75
1280	-8.78
1281	-8.81
1282	-8.84
1283	-8.83
1284	-8.78
1285	-8.73
1286	-8.69
1287	-8.63
1288	-8.55
1289	-8.52
1290	-8.47
1291	-8.41
1292	-8.44
1293	-8.54
1294	-8.60
1295	-8.56
1296	-8.48
1297	-8.49
1298	-8.59
1299	-8.68
1300	-8.71
1301	-8.75
1302	-8.76
1303	-8.74
1304	-8.75
1305	-8.84
1306	-8.95
1307	-8.99
1308	-8.99
1309	-8.99
1310	-8.99
1311	-8.96
1312	-8.93
1313	-8.93
1314	-8.95
1315	-8.93
1316	-8.91
1317	-8.92
1318	-8.90
1319	-8.82
1320	-8.78
1321	-8.78
1322	-8.79
1323	-8.79
1324	-8.76
1325	-8.74
1326	-8.74
1327	-8.71
1328	-8.67
1329	-8.61
1330	-8.55
1331	-8.52
1332	-8.50
1333	-8.54
1334	-8.61
1335	-8.62
1336	-8.58
1337	-8.61
1338	-8.75
1339	-8.88
1340	-8.91
1341	-8.90
1342	-8.89
1343	-8.89
1344	-8.89
1345	-8.90
1346	-8.93
1347	-8.91
1348	-8.85
1349	-8.80
1350	-8.77
1351	-8.74
1352	-8.69
1353	-8.66
1354	-8.66
1355	-8.65
1356	-8.67
1357	-8.71
1358	-8.70
1359	-8.67
1360	-8.66
1361	-8.60
1362	-8.50
1363	-8.47
1364	-8.48
1365	-8.47
1366	-8.44
1367	-8.37
1368	-8.31
1369	-8.30
1370	-8.34
1371	-8.32
1372	-8.28
1373	-8.30
1374	-8.34
1375	-8.33
1376	-8.30
1377	-8.30
1378	-8.31
1379	-8.36
1380	-8.48
1381	-8.60
1382	-8.72
1383	-8.80
1384	-8.85
1385	-8.88
1386	-8.92
1387	-8.97
1388	-9.01
1389	-9.04
1390	-9.05
1391	-9.01
1392	-8.96
1393	-8.90
1394	-8.84
1395	-8.81
1396	-8.82
1397	-8.82
1398	-8.80
1399	-8.76
1400	-8.70
1401	-8.64
1402	-8.62
1403	-8.60
1404	-8.58
1405	-8.60
1406	-8.62
1407	-8.65
1408	-8.72
1409	-8.82
1410	-8.89
1411	-8.95
1412	-8.95
1413	-8.88
1414	-8.79
1415	-8.75
1416	-8.76
1417	-8.73
1418	-8.63
1419	-8.53
1420	-8.50
1421	-8.54
1422	-8.60
1423	-8.66
1424	-8.72
1425	-8.74
1426	-8.74
1427	-8.79
1428	-8.86
1429	-8.91
1430	-8.91
1431	-8.87
1432	-8.81
1433	-8.76
1434	-8.72
1435	-8.70
1436	-8.72
1437	-8.79
1438	-8.89
1439	-8.98
1440	-9.01
1441	-9.01
1442	-8.97
1443	-8.92
1444	-8.87
1445	-8.83
1446	-8.82
1447	-8.84
1448	-8.89
1449	-8.95
1450	-8.97
1451	-8.91
1452	-8.85
1453	-8.86
1454	-8.88
1455	-8.91
1456	-8.96
1457	-8.97
1458	-8.90
1459	-8.78
1460	-8.69
1461	-8.69
1462	-8.74
1463	-8.80
1464	-8.86
1465	-8.89
1466	-8.91
1467	-8.99
1468	-9.11
1469	-9.19
1470	-9.17
1471	-9.07
1472	-8.95
1473	-8.88
1474	-8.88
1475	-8.97
1476	-9.05
1477	-9.03
1478	-8.95
1479	-8.89
1480	-8.87
1481	-8.87
1482	-8.86
1483	-8.86
1484	-8.85
1485	-8.82
1486	-8.73
1487	-8.60
1488	-8.52
1489	-8.55
1490	-8.63
1491	-8.69
1492	-8.73
1493	-8.78
1494	-8.82
1495	-8.82
1496	-8.83
1497	-8.85
1498	-8.82
1499	-8.77
1500	-8.72
1501	-8.65
1502	-8.59
1503	-8.59
1504	-8.58
1505	-8.55
1506	-8.58
1507	-8.60
1508	-8.63
1509	-8.71
1510	-8.80
1511	-8.86
1512	-8.89
1513	-8.89
1514	-8.89
1515	-8.94
1516	-8.99
1517	-8.99
1518	-8.99
1519	-8.94
1520	-8.87
1521	-8.80
1522	-8.70
1523	-8.61
1524	-8.53
1525	-8.45
1526	-8.40
1527	-8.37
1528	-8.36
1529	-8.40
1530	-8.49
1531	-8.52
1532	-8.51
1533	-8.50
1534	-8.49
1535	-8.48
1536	-8.46
1537	-8.45
1538	-8.46
1539	-8.48
1540	-8.53
1541	-8.55
1542	-8.56
1543	-8.55
1544	-8.51
1545	-8.49
1546	-8.49
1547	-8.50
1548	-8.54
1549	-8.58
1550	-8.62
1551	-8.67
1552	-8.64
1553	-8.54
1554	-8.46
1555	-8.41
1556	-8.39
1557	-8.41
1558	-8.41
1559	-8.38
1560	-8.40
1561	-8.45
1562	-8.48
1563	-8.47
1564	-8.46
1565	-8.52
1566	-8.59
1567	-8.66
1568	-8.75
1569	-8.83
1570	-8.86
1571	-8.89
1572	-8.96
1573	-9.02
1574	-9.04
1575	-9.05
1576	-9.01
1577	-8.95
1578	-8.88
1579	-8.78
1580	-8.70
1581	-8.71
1582	-8.81
1583	-8.91
1584	-8.98
1585	-9.08
1586	-9.16
1587	-9.22
1588	-9.24
1589	-9.22
1590	-9.22
1591	-9.22
1592	-9.13
1593	-9.03
1594	-8.97
1595	-8.91
1596	-8.86
1597	-8.84
1598	-8.81
1599	-8.76
1600	-8.73
1601	-8.71
1602	-8.70
1603	-8.69
1604	-8.63
1605	-8.52
1606	-8.43
1607	-8.41
1608	-8.39
1609	-8.34
1610	-8.33
1611	-8.43
1612	-8.60
1613	-8.75
1614	-8.82
1615	-8.79
1616	-8.71
1617	-8.65
1618	-8.63
1619	-8.63
1620	-8.62
1621	-8.63
1622	-8.64
1623	-8.67
1624	-8.73
1625	-8.78
1626	-8.81
1627	-8.79
1628	-8.73
1629	-8.70
1630	-8.65
1631	-8.61
1632	-8.56
1633	-8.51
1634	-8.48
1635	-8.49
1636	-8.48
1637	-8.51
1638	-8.60
1639	-8.69
1640	-8.74
1641	-8.80
1642	-8.83
1643	-8.87
1644	-8.94
1645	-9.01
1646	-9.04
1647	-9.02
1648	-8.94
1649	-8.86
1650	-8.80
1651	-8.74
1652	-8.69
1653	-8.64
1654	-8.57
1655	-8.54
1656	-8.58
1657	-8.64
1658	-8.66
1659	-8.66
1660	-8.73
1661	-8.78
1662	-8.73
1663	-8.70
1664	-8.70
1665	-8.63
1666	-8.51
1667	-8.49
1668	-8.59
1669	-8.67
1670	-8.67
1671	-8.62
1672	-8.58
1673	-8.65
1674	-8.78
1675	-8.87
1676	-8.89
1677	-8.87
1678	-8.83
1679	-8.78
1680	-8.78
1681	-8.83
1682	-8.86
1683	-8.85
1684	-8.84
1685	-8.84
1686	-8.83
1687	-8.77
1688	-8.71
1689	-8.67
1690	-8.62
1691	-8.60
1692	-8.65
1693	-8.70
1694	-8.71
1695	-8.74
1696	-8.78
1697	-8.81
1698	-8.81
1699	-8.76
1700	-8.74
1701	-8.80
1702	-8.85
1703	-8.83
1704	-8.81
1705	-8.82
1706	-8.80
1707	-8.71
1708	-8.67
1709	-8.73
1710	-8.78
1711	-8.78
1712	-8.75
1713	-8.75
1714	-8.79
1715	-8.82
1716	-8.75
1717	-8.66
1718	-8.69
1719	-8.78
1720	-8.84
1721	-8.88
1722	-8.87
1723	-8.80
1724	-8.73
1725	-8.64
1726	-8.55
1727	-8.50
1728	-8.50
1729	-8.48
1730	-8.43
1731	-8.44
1732	-8.47
1733	-8.49
1734	-8.56
1735	-8.65
1736	-8.67
1737	-8.67
1738	-8.73
1739	-8.77
1740	-8.77
1741	-8.77
1742	-8.76
1743	-8.77
1744	-8.79
1745	-8.79
1746	-8.76
1747	-8.72
1748	-8.71
1749	-8.73
1750	-8.74
1751	-8.77
1752	-8.83
1753	-8.84
1754	-8.76
1755	-8.66
1756	-8.59
1757	-8.57
1758	-8.57
1759	-8.60
1760	-8.63
1761	-8.63
1762	-8.65
1763	-8.71
1764	-8.77
1765	-8.81
1766	-8.84
1767	-8.83
1768	-8.83
1769	-8.82
1770	-8.74
1771	-8.64
1772	-8.58
1773	-8.56
1774	-8.57
1775	-8.59
1776	-8.62
1777	-8.66
1778	-8.68
1779	-8.67
1780	-8.63
1781	-8.60
1782	-8.58
1783	-8.54
1784	-8.52
1785	-8.55
1786	-8.52
1787	-8.47
1788	-8.48
1789	-8.55
1790	-8.58
1791	-8.60
1792	-8.63
1793	-8.62
1794	-8.57
1795	-8.56
1796	-8.55
1797	-8.52
1798	-8.52
1799	-8.53
1800	-8.50
1801	-8.48
1802	-8.54
1803	-8.63
1804	-8.68
1805	-8.73
1806	-8.74
1807	-8.69
1808	-8.59
1809	-8.49
1810	-8.38
1811	-8.31
1812	-8.31
1813	-8.35
1814	-8.38
1815	-8.43
1816	-8.46
1817	-8.49
1818	-8.50
1819	-8.51
1820	-8.53
1821	-8.60
1822	-8.66
1823	-8.68
1824	-8.71
1825	-8.78
1826	-8.82
1827	-8.83
1828	-8.91
1829	-9.02
1830	-9.10
1831	-9.14
1832	-9.17
1833	-9.15
1834	-9.06
1835	-8.97
1836	-8.95
1837	-8.94
1838	-8.87
1839	-8.77
1840	-8.69
1841	-8.62
1842	-8.57
1843	-8.55
1844	-8.61
1845	-8.69
1846	-8.71
1847	-8.69
1848	-8.64
1849	-8.57
1850	-8.51
1851	-8.47
1852	-8.44
1853	-8.49
1854	-8.55
1855	-8.57
1856	-8.57
1857	-8.55
1858	-8.52
1859	-8.49
1860	-8.50
1861	-8.55
1862	-8.66
1863	-8.76
1864	-8.84
1865	-8.86
1866	-8.77
1867	-8.66
1868	-8.62
1869	-8.60
1870	-8.60
1871	-8.60
1872	-8.53
1873	-8.44
1874	-8.42
1875	-8.43
1876	-8.43
1877	-8.41
1878	-8.43
1879	-8.55
1880	-8.69
1881	-8.74
1882	-8.74
1883	-8.76
1884	-8.74
1885	-8.71
1886	-8.71
1887	-8.69
1888	-8.61
1889	-8.54
1890	-8.53
1891	-8.50
1892	-8.46
1893	-8.49
1894	-8.55
1895	-8.59
1896	-8.63
1897	-8.62
1898	-8.55
1899	-8.49
1900	-8.50
1901	-8.58
1902	-8.62
1903	-8.60
1904	-8.58
1905	-8.58
1906	-8.60
1907	-8.65
1908	-8.72
1909	-8.77
1910	-8.77
1911	-8.74
1912	-8.68
1913	-8.58
1914	-8.51
1915	-8.49
1916	-8.44
1917	-8.38
1918	-8.35
1919	-8.32
1920	-8.29
1921	-8.30
1922	-8.30
1923	-8.28
1924	-8.27
1925	-8.36
1926	-8.49
1927	-8.59
1928	-8.61
1929	-8.55
1930	-8.49
1931	-8.52
1932	-8.58
1933	-8.57
1934	-8.53
1935	-8.50
1936	-8.46
1937	-8.46
1938	-8.52
1939	-8.52
1940	-8.46
1941	-8.42
1942	-8.48
1943	-8.61
1944	-8.70
1945	-8.74
1946	-8.76
1947	-8.76
1948	-8.73
1949	-8.71
1950	-8.71
1951	-8.69
1952	-8.70
1953	-8.76
1954	-8.76
1955	-8.68
1956	-8.59
1957	-8.51
1958	-8.48
1959	-8.53
1960	-8.58
1961	-8.55
1962	-8.45
1963	-8.38
1964	-8.41
1965	-8.46
1966	-8.51
1967	-8.58
1968	-8.69
1969	-8.74
1970	-8.77
1971	-8.83
1972	-8.88
1973	-8.88
1974	-8.84
1975	-8.78
1976	-8.71
1977	-8.66
1978	-8.66
1979	-8.68
1980	-8.69
1981	-8.64
1982	-8.58
1983	-8.56
1984	-8.56
1985	-8.56
1986	-8.55
1987	-8.53
1988	-8.56
1989	-8.65
1990	-8.78
1991	-8.86
1992	-8.85
1993	-8.77
1994	-8.71
1995	-8.67
1996	-8.65
1997	-8.64
1998	-8.62
1999	-8.54
2000	-8.49
2001	-8.48
2002	-8.49
2003	-8.50
2004	-8.50
2005	-8.50
2006	-8.52
2007	-8.58
2008	-8.64
2009	-8.71
2010	-8.77
