depth	true_age	cal_c14_age	sigma_age	d18O	sigma_d18O
0.0	1983.0				
2.5	1970.2253385123706	1970.0	0.5		
27.75	1833.746906944929	1836.0	1.0		
35.25	1786.593798332606	1787.0	1.0		
54.0	1659.3747614280853	1660.0	1.5		
72.5	1559.24419732335	1559.0	2.0		
78.75	1514.488822692046	1512.0	1.5		
96.75	1282.1950051000308	1278.0	2.5		
98.0	1264.9216561928877	1271.0	4.0		
0.1	1982.4981637354547			-8.8532672021422	0.1
0.16	1982.1970619767276			-8.827772600599207	0.1
0.26	1981.6952257121823			-8.800867624004692	0.1
0.36	1981.193389447637			-8.950576458771625	0.1
0.52	1980.3904514243643			-8.86223823227682	0.1
0.68	1979.5875134010919			-8.638156704858888	0.1
0.78	1979.0856771365466			-8.629863517522018	0.1
0.89	1978.5336572455467			-8.552464280255846	0.1
1.04	1977.7809028487286			-8.529987752261132	0.1
1.2	1976.9779648254562			-8.664461485425228	0.1
1.3	1976.4761285609109			-8.648446677791583	0.1
1.41	1975.924108669911			-8.600946969197063	0.1
1.56	1975.1713542730931			-8.575100949564021	0.1
1.72	1974.3684162498205			-8.57080672554124	0.1
1.82	1973.8665799852752			-8.408855634956602	0.1
1.93	1973.3145600942753			-8.491653905897145	0.1
2.08	1972.523452326168			-8.475539017630672	0.1
2.24	1971.6490653346666			-8.714553259509882	0.1
2.34	1971.1014780953221			-8.697490511509834	0.1
2.45	1970.499132132043			-8.662527422716614	0.1
2.6	1969.6777512730262			-8.714084463872924	0.1
2.71	1969.075405309747			-8.712344014854944	0.1
2.76	1968.8016116900747			-8.675173929655935	0.1
2.81	1968.5278180704024			-8.650025659275764	0.1
2.86	1968.2540244507302			-8.506162920015962	0.1
2.97	1967.6516784874511			-8.606677916466552	0.1
3.13	1966.7755389044999			-8.585488130812488	0.1
3.28	1965.954158045483			-8.704501304303786	0.1
3.39	1965.3518120822039			-8.795119325602407	0.1
3.49	1964.8042248428592			-8.665577711628632	0.1
3.65	1963.928085259908			-8.7995434579022	0.1
3.8	1963.106704400891			-8.889393193947276	0.1
3.91	1962.5094230620891			-8.79178601620922	0.1
4.01	1961.9826394910503			-8.916913098608598	0.1
4.17	1961.520392592626			-8.841355749911955	0.1
4.32	1961.0870361253533			-8.7074396281099	0.1
4.43	1960.7692413826865			-8.785366374567491	0.1
4.53	1960.4803370711713			-8.859500778724518	0.1
4.69	1960.018090172747			-8.67915356847777	0.1
4.84	1959.5847337054743			-8.877153851575738	0.1
4.95	1959.2669389628077			-8.697113647175506	0.1
5.04	1959.006925082444			-8.825051748637835	0.1
5.16	1958.6602399086257			-8.521932649062967	0.1
5.28	1958.3135547348074			-8.719438707234733	0.1
5.36	1958.0824312855952			-8.753948486993561	0.1
5.44	1957.8513078363833			-8.67082048770506	0.1
5.56	1957.504622662565			-8.596233885079277	0.1
5.69	1957.1290470575952			-8.738364701000966	0.1
5.77	1956.8750032052335			-8.57121794037011	0.1
5.85	1956.5919829114196			-8.656429971981797	0.1
5.97	1956.1674524706984			-8.544715422733121	0.1
6.09	1955.0213084322027			-8.589425305424259	0.1
6.17	1953.9438548680291			-8.679434820045653	0.1
6.25	1952.8664013038554			-8.541592952850564	0.1
6.37	1951.2502209575948			-8.666598609480003	0.1
6.77	1945.8629531367262			-8.491479851478337	0.1
7.18	1940.341003620336			-8.59007706911685	0.1
7.58	1934.9537357994675			-8.688289401211847	0.1
7.98	1929.7285825271792			-8.358382855786878	0.1
8.39	1927.552270721816			-8.360867806694879	0.1
8.79	1925.762697526186			-8.284276647876661	0.1
9.19	1923.9731243305557			-8.620292224954957	0.1
9.6	1922.1388118050347			-8.51692581103607	0.1
10.0	1920.3250324177516			-8.61193317281521	0.1
10.43	1918.2052886789909			-8.432475635687418	0.1
10.85	1916.1111980492844			-8.481427277786644	0.1
11.28	1913.9672481188709			-8.26000609938324	0.1
11.71	1911.8232981884573			-8.314737025928599	0.1
12.14	1908.8504428751744			-8.211358347489378	0.1
12.56	1904.2696360968605			-8.39602336858766	0.1
12.99	1899.5797624904912			-8.725051409047907	0.1
13.42	1894.8898888841222			-8.580296291642064	0.1
13.85	1890.200015277753			-8.580818928569927	0.1
14.27	1887.23616205591			-8.699083636669389	0.1
14.7	1885.1214367061425			-8.433811346560525	0.1
15.13	1883.006711356375			-8.358440895005973	0.1
15.57	1880.8428063473107			-8.541086168375031	0.1
16.01	1878.7338980028915			-8.450454021598778	0.1
16.45	1877.0043106505957			-8.512089979072659	0.1
16.89	1875.3188463113581			-8.666425688459462	0.1
17.32	1873.6716879798303			-8.627066357554753	0.1
17.76	1871.9859254722721			-8.632345292238622	0.1
18.2	1869.9455693443683			-8.780556707830572	0.1
18.64	1867.4786870997598			-8.596120042141973	0.1
19.08	1865.0118048551512			-8.505843621021306	0.1
19.52	1862.5449226105425			-8.526426571534572	0.1
19.96	1860.078040365934			-8.470238259058986	0.1
20.38	1859.2606884037027			-8.682537763774114	0.1
20.81	1858.5319579176223			-8.584169346443161	0.1
21.23	1857.8465695485465			-8.57426087585376	0.1
21.65	1857.161181179471			-8.594755991411567	0.1
22.08	1856.0834931921645			-8.775635110189434	0.1
22.5	1853.912351212961			-8.920658281237218	0.1
22.92	1851.6631058994458			-8.54366663772721	0.1
23.35	1849.360307126085			-8.439691317272526	0.1
23.77	1847.1110618125697			-8.479690750906466	0.1
24.19	1845.3167409706641			-8.697048375854019	0.1
24.62	1843.9897656521123			-8.594004024612873	0.1
25.04	1842.7097366758483			-8.397539328686932	0.1
25.44	1841.4906614603588			-8.407290183064644	0.1
25.83	1840.3020631252564			-8.593987216092692	0.1
26.23	1838.990515404867			-8.770903791910088	0.1
26.63	1837.6106184417254			-8.785829024102203	0.1
27.02	1836.2652189026624			-8.77431880984331	0.1
27.42	1834.8853219395207			-8.795647751521715	0.1
27.82	1833.5054249763793			-8.419582016404075	0.1
28.21	1831.1586224562727			-8.73475583949665	0.1
28.61	1827.8712912435246			-8.73845642386419	0.1
29.01	1824.5839600307766			-9.121163730257697	0.1
29.4	1821.3788120983472			-9.204912175155421	0.1
29.8	1818.0914808855991			-8.705791165143033	0.1
30.22	1815.4981647870848			-8.63078135137914	0.1
30.66	1813.598863802804			-8.670443457228023	0.1
31.11	1811.6563968870626			-8.724589506714166	0.1
31.55	1809.7570959027819			-8.495276014331317	0.1
31.99	1807.8906546708427			-8.555443559629893	0.1
32.43	1806.4586934215506			-8.437928332373387	0.1
32.88	1805.0396910855732			-8.361223090895578	0.1
33.32	1803.6522221348396			-8.327830056729148	0.1
33.76	1802.2647531841058			-8.344395054150686	0.1
34.2	1799.121687361348			-8.661618171946907	0.1
34.65	1793.7525920633157			-8.562652251665156	0.1
35.09	1788.5028099941285			-8.568815084643552	0.1
35.54	1783.1337146960964			-8.55248083176628	0.1
35.98	1777.915119262843			-8.51335332523659	0.1
36.43	1774.3761770487006			-8.47238334485316	0.1
36.88	1770.954995410949			-8.518611350327632	0.1
37.32	1767.6098400318142			-8.655892437098126	0.1
37.77	1764.1886583940625			-8.570636845559347	0.1
38.21	1762.369614384404			-8.494297198031944	0.1
38.66	1761.668262191146			-8.592948243993625	0.1
39.11	1761.142040199283			-8.565464011680893	0.1
39.55	1760.5953764009823			-8.599327450212664	0.1
40.0	1760.0237556962334			-8.86760386404829	0.1
40.44	1757.7181636097469			-8.610475072806889	0.1
40.88	1755.3350371818951			-8.882075424989937	0.1
41.33	1752.897748789774			-8.857041783593399	0.1
41.77	1750.5146223619222			-8.62380035106768	0.1
42.21	1748.0878063200148			-8.490322008434447	0.1
42.65	1745.6131397484278			-8.552668087439836	0.1
43.1	1743.082230754759			-8.870791578631803	0.1
43.54	1740.6075641831717			-8.68691961383689	0.1
43.98	1738.1451647908618			-8.788509703120052	0.1
44.42	1736.633348598029			-8.714758442615382	0.1
44.87	1735.1472084165368			-8.687665641845337	0.1
45.34	1733.595017560312			-8.838020188517289	0.1
45.58	1732.8024094635161			-8.713640825763497	0.1
45.68	1732.4721560898513			-8.739892472152693	0.1
45.83	1731.9689383871398			-8.87551426713492	0.1
46.17	1729.9849186675845			-8.80168870617112	0.1
46.31	1728.8069202692577			-8.817381447393524	0.1
46.8	1724.6839258751152			-8.684573714718681	0.1
47.28	1720.64507422371			-8.424608466729945	0.1
47.77	1716.5220798295672			-8.50249818880142	0.1
48.25	1712.4663524353161			-8.818681867571291	0.1
48.74	1708.3102815851953			-8.64260265468411	0.1
49.22	1704.2390285075257			-8.987237148344239	0.1
49.71	1700.082957657405			-8.826446801904437	0.1
50.19	1694.5082697771115			-8.662261247162101	0.1
50.66	1686.802811539087			-8.931444246685055	0.1
51.13	1679.0973533010624			-8.696172069824936	0.1
51.6	1671.391895063038			-8.816004749539971	0.1
52.08	1664.723341575468			-8.909001912344156	0.1
52.55	1663.3806690670244			-8.494436070706309	0.1
53.02	1662.1386819344489			-8.5373802128404	0.1
53.49	1660.8966948018735			-8.7446239347714	0.1
53.96	1659.521300973966			-8.896694853985093	0.1
54.43	1657.2412712217754			-8.469256085382447	0.1
54.91	1654.6651944794914			-8.813875620062666	0.1
55.32	1652.464795595457			-8.766769002798073	0.1
55.73	1650.2643967114227			-8.709262624870671	0.1
56.13	1647.9901519485065			-8.663573546821471	0.1
56.53	1645.451070116564			-8.544381976517945	0.1
56.94	1642.8485112388232			-8.4830309501284	0.1
57.34	1640.3094294068808			-8.856293717918403	0.1
57.74	1637.7703475749383			-8.964882575003346	0.1
58.15	1635.0277746443624			-8.866196719723767	0.1
58.55	1632.1153220048595			-8.75371331102457	0.1
58.95	1629.2028693653567			-8.510687771416626	0.1
59.35	1626.290416725854			-8.539223856259065	0.1
59.76	1623.3051527703635			-8.57022818020674	0.1
60.2	1620.6723937041943			-8.577025813289351	0.1
60.69	1618.5034393721487			-8.613922699063382	0.1
61.18	1616.3344850401033			-8.772962559499463	0.1
61.67	1614.1655307080578			-8.944528222859105	0.1
62.16	1611.5038175756588			-8.808558615763959	0.1
62.65	1607.8257894175308			-8.782876831497402	0.1
63.14	1604.1477612594026			-8.67774423124885	0.1
63.63	1600.4697331012744			-8.53677513941199	0.1
64.12	1597.3711951900605			-8.48995626819089	0.1
64.61	1595.728064473974			-8.578953341648043	0.1
65.1	1594.1501182299248			-8.577122384168398	0.1
65.58	1592.6043749704481			-8.658005681166443	0.1
66.07	1590.8016185046667			-8.785926445658266	0.1
66.55	1587.7143194390246			-8.797332153499642	0.1
67.04	1584.5627016428482			-8.853836873886522	0.1
67.52	1581.4754025772063			-9.031196140247298	0.1
68.01	1578.3542736280683			-9.237194276077684	0.1
68.5	1575.5209790164372			-9.172141936185124	0.1
68.98	1572.7685395011151			-8.990028293882194	0.1
69.47	1569.9587574958905			-8.78708421814397	0.1
69.95	1567.2063179805684			-9.01217990230837	0.1
70.37	1565.652209059818			-9.073878144429733	0.1
70.79	1564.2135427951698			-9.044497634852096	0.1
71.2	1562.8091304892039			-9.181080432117568	0.1
71.61	1561.4047181832377			-8.820958897225704	0.1
72.02	1560.0692813555547			-8.906176200457088	0.1
72.44	1559.3431512999043			-8.839911098277865	0.1
72.85	1558.66696579345			-8.721720904984654	0.1
73.26	1557.9907802869955			-8.792176914242097	0.1
73.68	1557.2981024511153			-8.53715583134062	0.1
74.09	1556.2669955554202			-8.794167955721361	0.1
74.5	1554.5503648746048			-8.414638824576375	0.1
74.92	1552.6855791252992			-8.431963924334744	0.1
75.35	1550.776393715296			-8.389367677766725	0.1
75.8	1548.7784089838972			-8.32511234062394	0.1
76.24	1546.0065837399366			-8.489974783755038	0.1
76.68	1542.5528916849266			-8.694402802648936	0.1
77.12	1539.0991996299165			-8.556969442603783	0.1
77.57	1535.5670145736563			-8.365619610737125	0.1
78.01	1531.955775615525			-8.663295584894463	0.1
78.45	1521.5700198231862			-8.676142606323486	0.1
78.89	1511.1842640308473			-8.769744905649883	0.1
79.12	1505.7553462303063			-8.968757344632545	0.1
79.34	1500.5624683341368			-8.756396042994906	0.1
79.56	1495.3695904379674			-8.444291652184729	0.1
79.78	1490.176712541798			-8.66752100209645	0.1
80.0	1484.9937451152887			-8.884948569445388	0.1
80.26	1482.632903211297			-8.730729676734631	0.1
80.52	1480.2819717769653			-8.808875372551052	0.1
80.77	1478.0214607824157			-8.559387347488892	0.1
81.03	1475.6705293480838			-8.848242747982617	0.1
81.29	1473.3195979137522			-8.994090608640263	0.1
81.55	1470.9686664794206			-8.833995591717372	0.1
81.8	1468.7081554848708			-8.92306441556251	0.1
82.06	1466.8532554836968			-9.005745323577237	0.1
82.32	1466.3165423467435			-8.938348671521608	0.1
82.58	1465.7972618632502			-8.955015402569607	0.1
82.84	1465.3030445274658			-9.135183959085627	0.1
83.09	1464.8278355507498			-9.071651778154136	0.1
83.35	1464.3336182149653			-8.994028599566994	0.1
83.61	1463.8226778006867			-8.76507052641871	0.1
83.87	1463.276997945946			-8.72924705481739	0.1
84.12	1457.1576547698169			-9.10250628204005	0.1
84.38	1444.2867445408285			-8.982643366392496	0.1
84.64	1431.4158343118388			-9.018843286263495	0.1
84.9	1418.5449240828498			-9.015283048238354	0.1
85.15	1406.1690488626682			-8.726265824289184	0.1
85.39	1394.2882086512936			-8.513963368331222	0.1
85.63	1382.4073684399198			-8.940695068830891	0.1
85.87	1370.526528228545			-8.337526819254217	0.1
86.12	1362.6585763468734			-8.38018322392825	0.1
86.36	1359.793582812519			-8.254264273477762	0.1
86.6	1356.9285892781647			-8.527736661034826	0.1
86.84	1354.06359574381			-8.384448715247023	0.1
87.09	1351.0792274788575			-8.537188573979948	0.1
87.33	1348.2142339445033			-8.806344249674144	0.1
87.57	1345.349240410149			-8.753428500273733	0.1
87.82	1342.3648721451964			-8.725741105127282	0.1
88.06	1340.3202694585136			-8.941112080916835	0.1
88.3	1339.6722274020226			-8.685336154252742	0.1
88.54	1339.2371077280964			-8.77092802835688	0.1
88.79	1338.7838580677565			-8.636991390029115	0.1
89.03	1338.34873839383			-8.816047139051877	0.1
89.27	1337.9136187199038			-8.71404880494741	0.1
89.51	1337.4784990459775			-8.753755786602714	0.1
89.76	1337.0252493856376			-8.900560288487569	0.1
90.0	1336.2898296637113			-8.827555837442862	0.1
90.25	1334.9910937681561			-8.927245267424318	0.1
90.49	1333.456019262343			-8.912094399706147	0.1
90.74	1331.8569833187878			-8.82273350306045	0.1
90.98	1330.3219088129745			-9.022252625161348	0.1
91.23	1328.7228728694192			-8.661012376713979	0.1
91.47	1327.1877983636061			-8.655333860584584	0.1
91.72	1325.5887624200507			-8.596560156126525	0.1
91.96	1324.0536879142376			-8.423059976913859	0.1
92.21	1321.0665953990879			-8.552053438097852	0.1
92.45	1317.945170525738			-8.811889842144561	0.1
92.7	1314.6936862826653			-8.639896665528822	0.1
92.94	1311.5722614093156			-8.762778739891141	0.1
93.19	1308.3207771662428			-8.896427388301534	0.1
93.43	1305.199352292893			-8.727636569779056	0.1
93.68	1301.9478680498203			-9.033055590323533	0.1
93.92	1298.8264431764708			-9.005159733553718	0.1
94.17	1297.4179667249168			-9.187556131218427	0.1
94.41	1296.7255865556745			-9.153624452423482	0.1
94.66	1296.0790123709105			-9.143683307410752	0.1
94.9	1295.458301153537			-8.917524801576688	0.1
95.14	1294.8375899361636			-8.797507017686291	0.1
95.38	1294.2168787187902			-8.836004578102026	0.1
95.63	1293.5703045340263			-8.633712937517176	0.1
95.87	1292.8993527343011			-8.77180254444906	0.1
96.11	1291.0853471932955			-8.668632453914148	0.1
96.35	1287.7514689083214			-8.608614087639664	0.1
96.59	1284.417590623347			-8.602523801331245	0.1
96.83	1281.0837123383728			-8.198077738806521	0.1
97.07	1277.7498340533987			-8.509898988428887	0.1
97.31	1274.4159557684243			-8.784190653019383	0.1
97.55	1271.0820774834501			-8.797800050898994	0.1
97.79	1267.748199198476			-8.837341051770403	0.1
