Year	d18O	Filtered d18O
1001	-4.477	-4.798
1002	-6.792	-5.029
1003	-5.825	-5.163
1004	-3.920	-5.253
1005	-6.549	-5.364
1006	-6.489	-5.422
1007	-4.539	-5.419
1008	-5.922	-5.421
1009	-5.611	-5.414
1010	-4.644	-5.404
1011	-5.486	-5.426
1012	-6.657	-5.434
1013	-4.755	-5.394
1014	-4.877	-5.369
1015	-6.726	-5.349
1016	-5.899	-5.257
1017	-3.904	-5.128
1018	-3.798	-5.078
1019	-5.060	-5.123
1020	-6.160	-5.179
1021	-5.629	-5.177
1022	-3.640	-5.165
1023	-5.001	-5.224
1024	-6.928	-5.291
1025	-5.677	-5.272
1026	-3.718	-5.230
1027	-5.379	-5.249
1028	-6.594	-5.267
1029	-5.723	-5.202
1030	-3.467	-5.119
1031	-4.690	-5.117
1032	-6.853	-5.134
1033	-3.731	-5.110
1034	-3.822	-5.146
1035	-6.318	-5.256
1036	-7.047	-5.302
1037	-6.842	-5.192
1038	-4.072	-4.978
1039	-4.886	-4.766
1040	-4.036	-4.584
1041	-3.660	-4.447
1042	-3.350	-4.388
1043	-4.182	-4.407
1044	-2.937	-4.503
1045	-5.060	-4.673
1046	-5.723	-4.841
1047	-4.129	-4.976
1048	-6.894	-5.086
1049	-4.351	-5.147
1050	-6.337	-5.173
1051	-5.227	-5.159
1052	-5.584	-5.100
1053	-5.311	-5.007
1054	-3.516	-4.923
1055	-4.631	-4.908
1056	-5.875	-4.918
1057	-5.807	-4.864
1058	-4.707	-4.739
1059	-3.544	-4.619
1060	-3.973	-4.569
1061	-4.225	-4.584
1062	-3.632	-4.659
1063	-4.900	-4.791
1064	-6.061	-4.914
1065	-5.298	-4.970
1066	-5.648	-4.962
1067	-4.557	-4.921
1068	-4.469	-4.892
1069	-4.326	-4.908
1070	-6.382	-4.927
1071	-5.155	-4.882
1072	-3.433	-4.820
1073	-5.980	-4.792
1074	-5.454	-4.720
1075	-3.860	-4.600
1076	-3.728	-4.519
1077	-4.378	-4.499
1078	-4.987	-4.493
1079	-3.451	-4.491
1080	-3.932	-4.544
1081	-5.582	-4.630
1082	-4.230	-4.695
1083	-3.972	-4.780
1084	-6.041	-4.889
1085	-6.456	-4.921
1086	-4.789	-4.849
1087	-3.281	-4.779
1088	-5.953	-4.755
1089	-3.041	-4.752
1090	-4.539	-4.812
1091	-5.880	-4.904
1092	-5.125	-4.949
1093	-5.741	-4.941
1094	-6.307	-4.852
1095	-2.751	-4.720
1096	-3.962	-4.667
1097	-5.901	-4.668
1098	-4.540	-4.627
1099	-3.726	-4.580
1100	-4.379	-4.585
1101	-3.581	-4.647
1102	-5.137	-4.759
1103	-5.122	-4.872
1104	-4.245	-4.982
1105	-5.095	-5.123
1106	-6.508	-5.253
1107	-6.339	-5.294
1108	-4.881	-5.260
1109	-4.503	-5.238
1110	-5.393	-5.259
1111	-4.931	-5.302
1112	-6.608	-5.327
1113	-4.521	-5.317
1114	-5.084	-5.321
1115	-6.245	-5.334
1116	-6.522	-5.276
1117	-4.662	-5.145
1118	-4.266	-5.025
1119	-4.664	-4.964
1120	-6.175	-4.904
1121	-3.637	-4.818
1122	-4.128	-4.775
1123	-4.926	-4.792
1124	-4.834	-4.817
1125	-3.921	-4.862
1126	-4.820	-4.956
1127	-6.545	-5.044
1128	-4.101	-5.084
1129	-5.191	-5.135
1130	-6.358	-5.177
1131	-5.392	-5.153
1132	-3.750	-5.122
1133	-4.978	-5.159
1134	-7.182	-5.188
1135	-5.034	-5.125
1136	-4.742	-5.023
1137	-5.307	-4.928
1138	-5.770	-4.797
1139	-3.341	-4.640
1140	-3.538	-4.549
1141	-4.203	-4.550
1142	-5.560	-4.569
1143	-5.020	-4.535
1144	-3.430	-4.478
1145	-3.379	-4.490
1146	-4.441	-4.587
1147	-4.186	-4.733
1148	-6.157	-4.878
1149	-6.393	-4.935
1150	-5.408	-4.875
1151	-4.080	-4.768
1152	-4.507	-4.687
1153	-3.964	-4.649
1154	-4.653	-4.651
1155	-4.152	-4.682
1156	-4.678	-4.742
1157	-3.683	-4.848
1158	-4.954	-5.015
1159	-7.064	-5.166
1160	-6.280	-5.197
1161	-3.818	-5.160
1162	-4.838	-5.171
1163	-6.233	-5.206
1164	-4.279	-5.222
1165	-4.726	-5.273
1166	-6.084	-5.358
1167	-5.404	-5.419
1168	-5.838	-5.454
1169	-7.067	-5.429
1170	-4.258	-5.339
1171	-5.061	-5.267
1172	-5.692	-5.222
1173	-4.549	-5.173
1174	-5.704	-5.130
1175	-5.762	-5.055
1176	-2.985	-4.981
1177	-4.830	-4.993
1178	-6.437	-5.029
1179	-5.386	-4.987
1180	-3.541	-4.925
1181	-5.390	-4.911
1182	-4.379	-4.921
1183	-5.250	-4.938
1184	-5.626	-4.936
1185	-3.128	-4.936
1186	-5.258	-5.004
1187	-6.486	-5.069
1188	-4.559	-5.069
1189	-4.379	-5.076
1190	-6.489	-5.096
1191	-6.372	-5.031
1192	-4.473	-4.873
1193	-4.037	-4.718
1194	-4.977	-4.599
1195	-4.008	-4.489
1196	-4.408	-4.394
1197	-3.865	-4.321
1198	-4.498	-4.266
1199	-4.092	-4.213
1200	-3.386	-4.180
1201	-2.924	-4.223
1202	-4.326	-4.351
1203	-4.817	-4.506
1204	-6.519	-4.597
1205	-4.145	-4.595
1206	-5.205	-4.552
1207	-4.922	-4.476
1208	-3.741	-4.377
1209	-3.947	-4.307
1210	-2.559	-4.316
1211	-4.623	-4.417
1212	-4.165	-4.561
1213	-4.505	-4.726
1214	-5.876	-4.887
1215	-5.730	-4.985
1216	-5.177	-5.017
1217	-5.544	-5.009
1218	-5.529	-4.956
1219	-5.253	-4.850
1220	-3.227	-4.749
1221	-4.800	-4.711
1222	-5.723	-4.680
1223	-3.385	-4.627
1224	-3.028	-4.650
1225	-6.222	-4.748
1226	-5.133	-4.805
1227	-5.103	-4.801
1228	-4.577	-4.779
1229	-4.190	-4.774
1230	-5.422	-4.787
1231	-6.062	-4.751
1232	-3.323	-4.666
1233	-3.463	-4.645
1234	-4.402	-4.726
1235	-5.763	-4.829
1236	-5.267	-4.884
1237	-5.661	-4.876
1238	-3.709	-4.848
1239	-4.783	-4.859
1240	-5.510	-4.887
1241	-4.481	-4.896
1242	-4.554	-4.920
1243	-4.446	-4.985
1244	-5.567	-5.075
1245	-5.893	-5.135
1246	-5.172	-5.143
1247	-4.640	-5.144
1248	-5.646	-5.157
1249	-5.925	-5.138
1250	-3.793	-5.100
1251	-4.310	-5.129
1252	-6.423	-5.200
1253	-4.217	-5.257
1254	-5.612	-5.329
1255	-6.958	-5.372
1256	-5.170	-5.333
1257	-4.467	-5.283
1258	-6.415	-5.249
1259	-5.256	-5.174
1260	-4.270	-5.087
1261	-5.025	-5.039
1262	-4.421	-5.028
1263	-4.117	-5.071
1264	-5.496	-5.169
1265	-6.982	-5.231
1266	-3.947	-5.228
1267	-4.533	-5.265
1268	-6.480	-5.342
1269	-6.132	-5.360
1270	-4.857	-5.324
1271	-4.126	-5.321
1272	-6.593	-5.359
1273	-5.219	-5.368
1274	-5.086	-5.361
1275	-5.181	-5.377
1276	-6.525	-5.381
1277	-5.216	-5.335
1278	-3.916	-5.301
1279	-5.159	-5.344
1280	-6.400	-5.406
1281	-4.120	-5.457
1282	-6.065	-5.536
1283	-6.754	-5.594
1284	-5.777	-5.574
1285	-5.617	-5.513
1286	-4.818	-5.458
1287	-4.154	-5.464
1288	-7.754	-5.496
1289	-5.251	-5.453
1290	-5.027	-5.372
1291	-5.900	-5.298
1292	-5.189	-5.203
1293	-3.531	-5.134
1294	-4.908	-5.152
1295	-5.748	-5.208
1296	-6.334	-5.216
1297	-5.654	-5.141
1298	-4.478	-5.026
1299	-4.714	-4.931
1300	-5.312	-4.849
1301	-3.738	-4.775
1302	-3.678	-4.769
1303	-4.917	-4.842
1304	-5.968	-4.912
1305	-4.241	-4.945
1306	-5.668	-4.969
1307	-6.158	-4.946
1308	-4.665	-4.849
1309	-4.245	-4.743
1310	-3.982	-4.684
1311	-4.016	-4.690
1312	-5.688	-4.723
1313	-5.136	-4.714
1314	-4.310	-4.668
1315	-3.814	-4.651
1316	-4.691	-4.684
1317	-4.303	-4.750
1318	-5.669	-4.816
1319	-4.558	-4.859
1320	-4.164	-4.914
1321	-5.718	-4.996
1322	-4.065	-5.086
1323	-4.510	-5.227
1324	-6.932	-5.391
1325	-6.555	-5.469
1326	-4.490	-5.478
1327	-5.465	-5.510
1328	-6.433	-5.547
1329	-6.721	-5.511
1330	-5.350	-5.393
1331	-5.021	-5.253
1332	-4.210	-5.149
1333	-5.454	-5.088
1334	-5.068	-5.032
1335	-4.315	-4.981
1336	-5.541	-4.948
1337	-5.650	-4.883
1338	-4.860	-4.762
1339	-3.193	-4.654
1340	-5.792	-4.586
1341	-3.572	-4.518
1342	-3.358	-4.496
1343	-3.486	-4.583
1344	-6.177	-4.716
1345	-3.482	-4.837
1346	-5.935	-4.966
1347	-6.960	-5.031
1348	-3.690	-5.009
1349	-4.577	-5.015
1350	-6.478	-5.041
1351	-5.278	-4.998
1352	-3.965	-4.929
1353	-5.790	-4.879
1354	-5.271	-4.795
1355	-3.506	-4.695
1356	-4.785	-4.638
1357	-4.082	-4.617
1358	-4.283	-4.628
1359	-2.821	-4.718
1360	-5.859	-4.886
1361	-6.610	-5.014
1362	-4.493	-5.051
1363	-4.675	-5.087
1364	-6.422	-5.124
1365	-6.437	-5.072
1366	-3.856	-4.947
1367	-5.135	-4.835
1368	-3.755	-4.760
1369	-3.786	-4.752
1370	-5.612	-4.798
1371	-3.555	-4.860
1372	-5.306	-4.958
1373	-6.999	-5.021
1374	-4.300	-4.995
1375	-4.175	-4.973
1376	-5.809	-4.988
1377	-3.899	-5.010
1378	-5.044	-5.068
1379	-7.086	-5.105
1380	-4.730	-5.051
1381	-5.161	-4.958
1382	-4.550	-4.872
1383	-4.644	-4.800
1384	-4.143	-4.760
1385	-3.539	-4.786
1386	-5.793	-4.867
1387	-4.518	-4.944
1388	-5.997	-4.993
1389	-6.727	-4.959
1390	-3.267	-4.850
1391	-3.981	-4.797
1392	-4.500	-4.833
1393	-5.189	-4.898
1394	-4.089	-4.980
1395	-5.778	-5.082
1396	-5.602	-5.160
1397	-5.189	-5.199
1398	-5.563	-5.218
1399	-6.077	-5.198
1400	-4.493	-5.142
1401	-4.734	-5.106
1402	-4.824	-5.112
1403	-6.442	-5.108
1404	-3.512	-5.084
1405	-4.490	-5.121
1406	-5.924	-5.212
1407	-6.251	-5.258
1408	-5.327	-5.233
1409	-3.625	-5.219
1410	-6.206	-5.259
1411	-6.179	-5.269
1412	-4.447	-5.229
1413	-4.480	-5.224
1414	-6.603	-5.241
1415	-5.200	-5.209
1416	-4.023	-5.173
1417	-5.734	-5.180
1418	-5.366	-5.184
1419	-6.596	-5.129
1420	-6.175	-4.964
1421	-3.994	-4.721
1422	-2.887	-4.525
1423	-3.918	-4.442
1424	-4.479	-4.425
1425	-4.163	-4.425
1426	-3.939	-4.450
1427	-4.430	-4.508
1428	-5.515	-4.560
1429	-5.022	-4.554
1430	-3.702	-4.520
1431	-4.559	-4.516
1432	-4.677	-4.525
1433	-4.469	-4.528
1434	-4.469	-4.531
1435	-4.907	-4.529
1436	-3.607	-4.533
1437	-4.407	-4.579
1438	-4.415	-4.662
1439	-5.654	-4.739
1440	-5.302	-4.763
1441	-4.571	-4.742
1442	-3.585	-4.744
1443	-5.191	-4.799
1444	-4.411	-4.875
1445	-5.088	-4.962
1446	-5.439	-5.044
1447	-5.918	-5.081
1448	-6.504	-5.031
1449	-3.923	-4.909
1450	-3.593	-4.832
1451	-3.589	-4.873
1452	-5.993	-4.985
1453	-5.931	-5.057
1454	-5.109	-5.058
1455	-5.176	-5.031
1456	-3.491	-5.034
1457	-4.569	-5.124
1458	-6.737	-5.244
1459	-6.784	-5.265
1460	-5.706	-5.158
1461	-4.872	-4.988
1462	-4.107	-4.829
1463	-3.060	-4.752
1464	-3.406	-4.812
1465	-6.227	-4.954
1466	-6.946	-5.019
1467	-5.574	-4.939
1468	-3.657	-4.808
1469	-3.456	-4.752
1470	-4.394	-4.799
1471	-4.816	-4.901
1472	-5.499	-5.006
1473	-6.016	-5.063
1474	-5.665	-5.045
1475	-4.856	-4.976
1476	-5.399	-4.883
1477	-2.819	-4.818
1478	-5.040	-4.835
1479	-5.004	-4.889
1480	-4.158	-4.952
1481	-5.193	-5.049
1482	-5.973	-5.137
1483	-5.541	-5.170
1484	-5.916	-5.144
1485	-2.928	-5.126
1486	-5.840	-5.182
1487	-6.848	-5.219
1488	-3.609	-5.197
1489	-5.529	-5.207
1490	-6.368	-5.211
1491	-4.691	-5.161
1492	-4.233	-5.127
1493	-5.631	-5.138
1494	-4.739	-5.158
1495	-4.250	-5.210
1496	-6.134	-5.300
1497	-5.686	-5.364
1498	-5.387	-5.391
1499	-5.219	-5.415
1500	-5.340	-5.451
1501	-6.388	-5.476
1502	-5.817	-5.448
1503	-5.244	-5.382
1504	-4.955	-5.323
1505	-6.445	-5.256
1506	-4.532	-5.155
1507	-3.838	-5.086
1508	-5.857	-5.075
1509	-4.459	-5.073
1510	-4.461	-5.097
1511	-6.023	-5.147
1512	-4.243	-5.192
1513	-6.879	-5.222
1514	-5.208	-5.192
1515	-4.431	-5.137
1516	-4.740	-5.126
1517	-5.925	-5.133
1518	-5.727	-5.095
1519	-3.680	-5.038
1520	-6.281	-5.002
1521	-4.941	-4.936
1522	-4.630	-4.842
1523	-3.489	-4.792
1524	-5.988	-4.782
1525	-4.180	-4.759
1526	-3.693	-4.761
1527	-6.261	-4.795
1528	-3.206	-4.823
1529	-4.511	-4.905
1530	-5.798	-5.028
1531	-4.783	-5.130
1532	-6.230	-5.206
1533	-6.148	-5.215
1534	-4.889	-5.158
1535	-5.283	-5.086
1536	-3.423	-5.052
1537	-5.542	-5.083
1538	-6.338	-5.102
1539	-4.007	-5.073
1540	-4.184	-5.090
1541	-6.561	-5.143
1542	-5.340	-5.143
1543	-4.867	-5.103
1544	-5.983	-5.047
1545	-4.679	-4.956
1546	-4.129	-4.875
1547	-4.258	-4.853
1548	-5.636	-4.860
1549	-4.558	-4.851
1550	-4.300	-4.851
1551	-5.103	-4.880
1552	-5.861	-4.887
1553	-3.602	-4.871
1554	-4.507	-4.905
1555	-6.606	-4.949
1556	-5.627	-4.902
1557	-3.988	-4.797
1558	-5.083	-4.705
1559	-4.315	-4.621
1560	-3.867	-4.561
1561	-3.801	-4.563
1562	-5.268	-4.604
1563	-4.678	-4.629
1564	-3.543	-4.664
1565	-5.989	-4.721
1566	-4.254	-4.756
1567	-4.109	-4.801
1568	-5.958	-4.867
1569	-4.404	-4.907
1570	-3.928	-4.972
1571	-4.538	-5.116
1572	-7.215	-5.266
1573	-5.933	-5.317
1574	-4.806	-5.302
1575	-5.358	-5.293
1576	-3.938	-5.330
1577	-6.457	-5.407
1578	-6.022	-5.453
1579	-4.626	-5.465
1580	-6.395	-5.482
1581	-6.816	-5.440
1582	-4.460	-5.328
1583	-4.293	-5.248
1584	-5.898	-5.221
1585	-4.722	-5.197
1586	-4.560	-5.195
1587	-6.121	-5.214
1588	-4.959	-5.209
1589	-4.683	-5.208
1590	-5.948	-5.221
1591	-4.082	-5.239
1592	-5.813	-5.285
1593	-6.505	-5.302
1594	-5.590	-5.237
1595	-4.556	-5.139
1596	-4.429	-5.078
1597	-4.556	-5.076
1598	-6.196	-5.089
1599	-4.470	-5.075
1600	-5.325	-5.057
1601	-4.117	-5.065
1602	-5.379	-5.106
1603	-6.304	-5.128
1604	-6.093	-5.059
1605	-3.882	-4.934
1606	-4.521	-4.844
1607	-4.634	-4.801
1608	-5.974	-4.743
1609	-3.488	-4.658
1610	-3.934	-4.617
1611	-5.507	-4.617
1612	-3.845	-4.609
1613	-3.984	-4.634
1614	-5.956	-4.678
1615	-3.916	-4.694
1616	-4.223	-4.730
1617	-5.711	-4.787
1618	-4.461	-4.820
1619	-6.137	-4.814
1620	-3.740	-4.777
1621	-4.324	-4.770
1622	-6.216	-4.775
1623	-3.482	-4.751
1624	-4.609	-4.758
1625	-4.796	-4.805
1626	-4.004	-4.878
1627	-5.141	-4.991
1628	-6.765	-5.076
1629	-4.740	-5.081
1630	-5.138	-5.059
1631	-6.051	-5.016
1632	-3.481	-4.955
1633	-3.739	-4.974
1634	-6.192	-5.063
1635	-5.872	-5.108
1636	-5.874	-5.066
1637	-5.405	-4.952
1638	-2.759	-4.848
1639	-4.827	-4.838
1640	-5.931	-4.853
1641	-4.337	-4.828
1642	-4.430	-4.809
1643	-5.267	-4.810
1644	-3.564	-4.829
1645	-3.642	-4.933
1646	-5.697	-5.118
1647	-7.101	-5.261
1648	-5.787	-5.285
1649	-3.691	-5.276
1650	-5.791	-5.323
1651	-6.020	-5.370
1652	-3.748	-5.415
1653	-6.234	-5.509
1654	-7.113	-5.569
1655	-6.767	-5.502
1656	-4.061	-5.366
1657	-4.000	-5.296
1658	-6.280	-5.299
1659	-6.378	-5.257
1660	-5.102	-5.135
1661	-3.325	-5.029
1662	-5.030	-5.009
1663	-4.097	-5.055
1664	-6.529	-5.113
1665	-5.983	-5.102
1666	-4.251	-5.031
1667	-5.378	-4.966
1668	-5.332	-4.890
1669	-3.810	-4.805
1670	-4.202	-4.774
1671	-4.023	-4.817
1672	-5.156	-4.907
1673	-5.350	-4.996
1674	-4.757	-5.068
1675	-6.446	-5.114
1676	-6.056	-5.077
1677	-4.020	-4.981
1678	-4.439	-4.921
1679	-4.798	-4.912
1680	-3.732	-4.951
1681	-5.561	-5.041
1682	-6.680	-5.096
1683	-5.371	-5.051
1684	-4.784	-4.954
1685	-4.140	-4.876
1686	-3.364	-4.877
1687	-5.479	-4.960
1688	-6.537	-5.016
1689	-3.972	-5.009
1690	-4.568	-5.027
1691	-5.866	-5.075
1692	-6.363	-5.062
1693	-4.504	-4.975
1694	-3.920	-4.905
1695	-5.608	-4.877
1696	-5.081	-4.831
1697	-3.419	-4.788
1698	-5.665	-4.786
1699	-5.564	-4.753
1700	-4.112	-4.672
1701	-3.876	-4.618
1702	-3.471	-4.644
1703	-3.688	-4.775
1704	-6.014	-4.963
1705	-6.412	-5.092
1706	-5.086	-5.131
1707	-4.692	-5.150
1708	-4.961	-5.198
1709	-6.056	-5.250
1710	-4.440	-5.289
1711	-6.546	-5.320
1712	-6.029	-5.292
1713	-3.871	-5.230
1714	-5.472	-5.211
1715	-5.828	-5.198
1716	-4.103	-5.173
1717	-4.900	-5.194
1718	-6.113	-5.234
1719	-5.493	-5.231
1720	-4.159	-5.219
1721	-6.081	-5.233
1722	-5.654	-5.219
1723	-3.790	-5.198
1724	-5.615	-5.227
1725	-6.668	-5.236
1726	-4.941	-5.168
1727	-4.129	-5.101
1728	-6.430	-5.053
1729	-4.746	-4.967
1730	-3.782	-4.884
1731	-5.873	-4.837
1732	-3.750	-4.791
1733	-4.446	-4.780
1734	-5.878	-4.784
1735	-5.181	-4.730
1736	-4.719	-4.624
1737	-3.614	-4.525
1738	-3.785	-4.487
1739	-4.044	-4.518
1740	-3.701	-4.614
1741	-4.533	-4.774
1742	-5.940	-4.944
1743	-5.379	-5.061
1744	-6.770	-5.096
1745	-3.353	-5.083
1746	-4.291	-5.135
1747	-7.053	-5.227
1748	-5.582	-5.241
1749	-4.614	-5.206
1750	-6.856	-5.149
1751	-3.460	-5.062
1752	-5.428	-5.002
1753	-6.022	-4.934
1754	-3.812	-4.825
1755	-3.452	-4.774
1756	-5.655	-4.792
1757	-4.272	-4.814
1758	-5.613	-4.822
1759	-5.812	-4.777
1760	-5.076	-4.651
1761	-3.691	-4.497
1762	-3.162	-4.403
1763	-3.298	-4.421
1764	-5.402	-4.503
1765	-3.376	-4.600
1766	-5.749	-4.709
1767	-5.822	-4.770
1768	-4.357	-4.762
1769	-3.840	-4.772
1770	-4.604	-4.845
1771	-4.408	-4.967
1772	-6.104	-5.098
1773	-4.270	-5.216
1774	-5.334	-5.357
1775	-7.123	-5.481
1776	-5.971	-5.512
1777	-5.500	-5.479
1778	-5.398	-5.434
1779	-6.575	-5.360
1780	-4.039	-5.256
1781	-4.778	-5.193
1782	-6.327	-5.152
1783	-5.273	-5.057
1784	-4.175	-4.941
1785	-4.476	-4.867
1786	-5.542	-4.814
1787	-3.582	-4.765
1788	-4.508	-4.762
1789	-5.987	-4.772
1790	-3.443	-4.760
1791	-4.054	-4.802
1792	-5.981	-4.888
1793	-7.166	-4.880
1794	-3.091	-4.772
1795	-4.368	-4.699
1796	-5.502	-4.664
1797	-4.490	-4.598
1798	-4.666	-4.513
1799	-3.334	-4.450
1800	-3.804	-4.456
1801	-4.566	-4.522
1802	-4.547	-4.603
1803	-6.091	-4.650
1804	-4.023	-4.641
1805	-4.499	-4.631
1806	-4.371	-4.650
1807	-4.298	-4.696
1808	-5.893	-4.740
1809	-3.471	-4.768
1810	-4.718	-4.836
1811	-5.007	-4.940
1812	-6.438	-5.009
1813	-3.621	-5.039
1814	-4.287	-5.126
1815	-6.988	-5.246
1816	-5.422	-5.297
1817	-4.305	-5.324
1818	-5.807	-5.389
1819	-6.805	-5.423
1820	-4.466	-5.401
1821	-5.001	-5.401
1822	-6.835	-5.409
1823	-6.232	-5.333
1824	-3.897	-5.210
1825	-5.159	-5.128
1826	-4.851	-5.084
1827	-6.162	-5.023
1828	-4.896	-4.910
1829	-4.487	-4.777
1830	-3.968	-4.676
1831	-3.569	-4.645
1832	-4.591	-4.688
1833	-4.736	-4.764
1834	-5.770	-4.820
1835	-5.690	-4.807
1836	-3.967	-4.746
1837	-4.405	-4.709
1838	-5.289	-4.691
1839	-3.881	-4.672
1840	-4.837	-4.672
1841	-5.901	-4.653
1842	-3.178	-4.603
1843	-4.576	-4.594
1844	-5.248	-4.605
1845	-4.155	-4.596
1846	-4.222	-4.602
1847	-5.127	-4.625
1848	-4.101	-4.647
1849	-4.852	-4.679
1850	-4.038	-4.733
1851	-5.431	-4.803
1852	-5.091	-4.852
1853	-4.533	-4.882
1854	-5.637	-4.905
1855	-6.086	-4.869
1856	-3.634	-4.783
1857	-4.237	-4.737
1858	-4.677	-4.747
1859	-4.296	-4.784
1860	-3.696	-4.878
1861	-6.389	-5.008
1862	-6.006	-5.076
1863	-4.393	-5.079
1864	-6.072	-5.069
1865	-4.882	-5.029
1866	-4.739	-4.977
1867	-4.843	-4.943
1868	-3.879	-4.947
1869	-4.656	-5.016
1870	-6.126	-5.105
1871	-4.997	-5.155
1872	-5.125	-5.189
1873	-6.313	-5.203
1874	-4.527	-5.178
1875	-4.510	-5.176
1876	-6.242	-5.196
1877	-5.763	-5.166
1878	-4.923	-5.084
1879	-3.711	-5.029
1880	-6.583	-5.003
1881	-4.742	-4.936
1882	-5.265	-4.829
1883	-3.456	-4.736
1884	-4.516	-4.702
1885	-3.819	-4.732
1886	-5.933	-4.783
1887	-4.880	-4.798
1888	-4.405	-4.789
1889	-3.919	-4.820
1890	-5.006	-4.903
1891	-6.110	-4.976
1892	-4.634	-4.998
1893	-5.146	-5.006
1894	-4.681	-5.025
1895	-5.740	-5.040
1896	-5.209	-5.024
1897	-3.923	-5.009
1898	-6.187	-5.014
1899	-6.200	-4.956
1900	-3.546	-4.838
1901	-3.889	-4.777
1902	-5.767	-4.767
1903	-3.397	-4.764
1904	-5.037	-4.798
1905	-6.446	-4.814
1906	-4.787	-4.741
1907	-3.502	-4.653
1908	-4.484	-4.625
1909	-5.437	-4.613
1910	-3.879	-4.580
1911	-4.480	-4.564
1912	-5.981	-4.533
1913	-3.392	-4.459
1914	-3.261	-4.431
1915	-3.652	-4.510
1916	-5.899	-4.630
1917	-4.565	-4.711
1918	-5.795	-4.741
1919	-4.014	-4.740
1920	-3.924	-4.770
1921	-6.108	-4.829
1922	-5.049	-4.840
1923	-4.058	-4.828
1924	-4.409	-4.860
1925	-5.150	-4.929
1926	-5.192	-4.993
1927	-5.817	-5.021
1928	-5.954	-4.980
1929	-5.255	-4.860
1930	-2.908	-4.743
1931	-3.956	-4.726
1932	-3.520	-4.827
1933	-6.270	-4.981
1934	-6.980	-5.054
1935	-3.372	-5.041
1936	-5.578	-5.049
1937	-5.628	-5.059
1938	-4.460	-5.041
1939	-4.573	-5.051
1940	-5.639	-5.085
1941	-3.968	-5.132
1942	-5.369	-5.220
1943	-6.911	-5.289
1944	-6.462	-5.242
1945	-4.479	-5.109
1946	-4.918	-4.979
1947	-3.708	-4.897
1948	-5.024	-4.872
1949	-4.069	-4.891
1950	-5.561	-4.931
1951	-6.735	-4.914
1952	-5.030	-4.784
1953	-2.957	-4.638
1954	-3.831	-4.590
1955	-4.575	-4.623
1956	-3.521	-4.707
1957	-4.413	-4.863
1958	-7.208	-5.016
1959	-5.734	-5.054
1960	-3.081	-5.052
1961	-5.712	-5.117
1962	-5.815	-5.186
1963	-6.346	-5.179
1964	-5.197	-5.095
1965	-4.569	-4.987
1966	-4.068	-4.920
1967	-5.840	-4.881
1968	-4.835	-4.815
1969	-3.239	-4.762
1970	-5.837	-4.759
1971	-5.831	-4.711
1972	-3.468	-4.608
1973	-4.273	-4.542
1974	-3.627	-4.540
1975	-5.140	-4.577
1976	-4.862	-4.602
1977	-4.563	-4.601
1978	-3.879	-4.613
1979	-4.929	-4.656
1980	-3.893	-4.725
1981	-6.155	-4.795
1982	-5.755	-4.793
1983	-3.386	-4.743
1984	-5.346	-4.722
1985	-5.182	-4.690
1986	-3.054	-4.659
1987	-4.354	-4.705
1988	-6.071	-4.776
1989	-4.138	-4.807
1990	-4.590	-4.847
1991	-6.032	-4.887
1992	-4.746	-4.879
1993	-5.140	-4.842
1994	-5.443	-4.776
1995	-3.533	-4.699
1996	-4.721	-4.663
1997	-4.387	-4.659
1998	-3.255	-4.704
1999	-5.077	-4.822
2000	-4.966	-4.963
