depth	true_age	age	sigma_age	ref	sigma_ref
0.0	1999.0				
420.0	-1187.6223337503297	-1198.0	6.0		
850.0	-5287.35883840783	-5284.0	35.0		
980.0	-6240.816904547495			51.57891368424245	2.73
975.0	-6164.648172803949			51.532605458791465	3.03
970.0	-6088.479441060404			49.74175437782092	3.23
965.0	-6012.310709316858			50.2195692298164	2.61
960.0	-5936.141977573312			50.89128563135978	3.09
955.0	-5912.1966515229615			48.16405733508315	2.61
950.0	-5888.251325472611			54.1529903263407	2.55
945.0	-5864.305999422261			54.97187925166622	2.3
940.0	-5840.360673371911			52.75658503452694	2.3
935.0	-5818.316252982011			57.04430131507243	2.3
930.0	-5796.271832592112			52.406447880197774	2.3
925.0	-5774.227412202213			53.590107701266994	2.3
920.0	-5752.182991812313			53.040534932108365	2.31
915.0	-5715.1120183314715			57.48252931017043	2.3
910.0	-5678.04104485063			48.8735072508512	2.3
905.0	-5640.970071369789			53.45025908738588	2.3
900.0	-5603.899097888948			54.994397923856184	2.3
895.0	-5585.011919797962			54.19149464193857	2.3
890.0	-5566.124741706976			56.431162404701176	2.3
885.0	-5547.23756361599			51.90138859304957	2.3
880.0	-5528.350385525005			46.6679841292985	3.55
875.0	-5483.845370400016			58.818460912243886	3.55
870.0	-5439.340355275027			52.63474681794239	3.55
865.0	-5394.835340150038			55.91442101631144	3.55
860.0	-5350.330325025049			53.274221090758395	3.55
855.0	-5318.844581716439			60.998223030511014	3.09
850.0	-5287.35883840783			61.582086859405756	3.36
845.0	-5255.873095099221			56.77655734071168	3.03
840.0	-5224.387351790611			60.850694693078054	2.49
835.0	-5153.782177577967			59.22366235713633	2.61
830.0	-5083.177003365321			57.546259616282214	2.37
825.0	-5012.571829152676			57.99040688007057	2.55
820.0	-4941.966654940032			58.772709830316515	2.3
815.0	-4937.942448644885			60.71814517167149	2.3
810.0	-4933.918242349739			60.051289957920666	2.3
805.0	-4929.894036054592			58.55396731082006	2.3
800.0	-4925.869829759446			61.70823050031502	2.3
795.0	-4916.26472188561			58.017341364157595	2.3
790.0	-4906.6596140117745			60.07226660707869	2.3
785.0	-4897.054506137939			60.40079383546651	2.3
780.0	-4887.449398264103			62.77714675085014	2.3
775.0	-4816.057479121398			59.10579511484061	2.3
770.0	-4744.665559978692			64.30942738659917	2.3
765.0	-4673.273640835986			60.93928400127136	2.3
760.0	-4601.88172169328			60.967208723207314	2.3
755.0	-4593.87728285583			60.02764429858041	2.3
750.0	-4585.872844018381			63.04249211167837	2.3
745.0	-4577.868405180932			61.8735249845035	2.3
740.0	-4569.863966343482			58.95969652721657	2.67
735.0	-4561.776500703788			58.721965813568424	2.91
730.0	-4553.689035064093			60.572405832576514	2.61
725.0	-4545.601569424399			60.35347174832937	2.42
720.0	-4537.514103784704			65.20924811743231	2.97
715.0	-4513.473542827858			66.92845447935811	3.68
710.0	-4489.432981871012			64.85603051748471	3.36
705.0	-4465.392420914165			63.04943022389524	2.61
700.0	-4441.351859957319			61.12748671659281	2.3
695.0	-4423.87895646682			62.49694911953784	3.23
690.0	-4406.406052976321			65.48092526207317	3.74
685.0	-4388.933149485822			68.59758032627529	3.17
680.0	-4371.460245995322			64.20623491422158	2.61
675.0	-4351.871652550553			61.04959917231538	3.29
670.0	-4332.283059105784			62.436007435382116	3.29
665.0	-4312.694465661014			61.36989943338486	2.55
660.0	-4293.105872216245			60.909382873746544	2.3
655.0	-4275.5480968522215			62.535214329524244	2.3
650.0	-4257.990321488198			63.47488293204294	2.73
645.0	-4240.432546124174			68.05644136553673	2.97
640.0	-4222.874770760151			62.553844963627625	2.31
635.0	-4161.195753133792			65.4127702879442	2.3
630.0	-4099.516735507434			67.86570642776982	2.42
625.0	-4037.837717881075			64.04976915075933	2.85
620.0	-3976.1587002547167			69.06151113380507	2.61
615.0	-3912.24335831782			64.181899868233	2.91
610.0	-3848.3280163809236			58.90857366799936	3.42
605.0	-3784.4126744440273			60.70499360233901	3.09
600.0	-3720.4973325071305			59.71769245775884	3.09
595.0	-3638.5531830567825			58.59161208506905	2.67
590.0	-3556.609033606434			57.053901273123955	2.3
585.0	-3474.6648841560855			56.82372302879263	2.55
580.0	-3392.7207347057374			55.11973085734764	2.91
575.0	-3361.2472424979806			50.98571653709454	2.3
570.0	-3329.7737502902237			52.26114588031099	2.3
565.0	-3298.300258082467			48.16618654651609	2.3
560.0	-3266.82676587471			52.61580738247019	2.73
555.0	-3173.7319683396554			53.92290659909293	2.31
550.0	-3080.637170804601			53.75064481144596	2.3
545.0	-2987.5423732695463			53.125631742491294	2.3
540.0	-2894.4475757344917			53.76513598226885	2.3
535.0	-2859.4870498223477			50.714272694226565	2.55
530.0	-2824.5265239102037			51.33413457573304	2.3
525.0	-2789.5659979980596			53.250497895107124	2.49
520.0	-2754.6054720859156			54.367121930902435	2.3
515.0	-2624.701462290704			53.80105195772169	2.3
510.0	-2494.7974524954925			62.55460214646202	2.3
505.0	-2364.893442700281			59.332641173767485	2.3
500.0	-2234.9894329050694			63.94294796146083	2.3
495.0	-2058.9741589533137			65.16649170020109	2.3
490.0	-1882.9588850015582			60.73467151343884	2.3
485.0	-1706.9436110498027			54.10131287038191	2.3
480.0	-1530.928337098047			55.662502500735194	2.3
475.0	-1508.8434903149941			59.75002795795231	2.3
470.0	-1486.7586435319415			62.44101591186436	2.3
465.0	-1464.673796748889			60.99005656938524	2.3
460.0	-1442.588949965836			60.75576898040703	2.3
455.0	-1408.6306296392277			59.26669995798846	2.3
450.0	-1374.6723093126193			60.91410840648926	2.3
445.0	-1340.713988986011			54.49558650458152	2.3
440.0	-1306.7556686594025			60.72265612303354	2.3
435.0	-1276.9723349321343			60.79818848319339	2.3
430.0	-1247.1890012048661			57.86897343772746	2.3
425.0	-1217.405667477598			65.66339424256044	2.3
420.0	-1187.6223337503297			56.747279074462874	2.3
415.0	-1148.341345195131			56.00803935544589	2.3
410.0	-1109.060356639932			53.74827411118482	2.3
405.0	-1069.779368084733			57.01112382701064	2.3
400.0	-1030.4983795295343			51.03568303387962	2.37
395.0	-1006.0008245742429			54.66391057439193	2.3
390.0	-981.5032696189514			54.53445137537859	2.37
385.0	-957.00571466366			52.67028838054699	2.61
380.0	-932.5081597083686			45.98102011792511	3.36
375.0	-920.225408071574			47.89835102919253	3.88
370.0	-907.9426564347793			55.98669462937072	3.48
365.0	-895.6599047979847			45.728101957165926	3.23
360.0	-883.3771531611901			46.86956881777483	3.42
355.0	-865.2945271825565			48.91533525462189	2.91
350.0	-847.2119012039229			52.1499144533208	2.73
345.0	-829.1292752252893			51.332535943311576	3.55
340.0	-811.0466492466558			52.87761090239486	2.61
335.0	-719.431999824668			49.13076726556707	2.3
330.0	-627.8173504026802			59.68362458468287	3.42
325.0	-536.2027009806924			59.465732127249645	2.85
320.0	-444.5880515587046			52.96495228431902	2.85
315.0	-435.28354794615154			62.19063456224867	2.91
310.0	-425.9790443335985			63.47737818128098	2.42
305.0	-416.67454072104545			56.51068677548912	2.3
300.0	-407.3700371084924			58.642337514573704	2.3
295.0	-350.42845948657134			63.26652441200434	2.79
290.0	-293.4868818646503			55.41858106441315	2.61
285.0	-236.54530424272923			54.0221367425087	2.3
280.0	-179.60372662080817			54.58893431966037	2.3
275.0	-158.893978793555			54.95165462728842	2.61
270.0	-138.1842309663018			53.988853538000726	2.73
265.0	-117.47448313904863			56.13108196028753	2.3
260.0	-96.76473531179545			54.43357408886436	2.3
255.0	-86.01324946319392			50.509433024620165	2.3
250.0	-75.26176361459238			54.45799449433999	2.3
245.0	-64.51027776599085			57.05234958533636	2.3
240.0	-53.75879191738932			55.02090366484922	2.3
235.0	-29.85560771294695			54.18111395281099	2.3
230.0	-5.95242350850458			51.98602772998859	2.3
225.0	17.950760695937788			54.75977654995248	2.3
220.0	41.85394490038016			50.93569328384773	2.3
215.0	69.33939044057456			55.08669122686931	2.3
210.0	96.82483598076897			53.23990511136644	2.3
205.0	124.31028152096337			55.393498037745395	2.3
200.0	151.79572706115778			53.66236408414981	2.3
195.0	178.5650472240793			50.66575220122278	2.3
190.0	205.33436738700084			53.882396201633085	2.3
185.0	232.10368754992237			56.65784256851641	2.3
180.0	258.8730077128439			51.5769778985878	2.3
175.0	279.8079736581202			53.168945726995794	2.3
170.0	300.7429396033965			52.907987738879456	2.67
165.0	321.6779055486728			51.5452714350934	2.55
160.0	342.6128714939491			58.11424567667728	2.55
155.0	382.3866672708027			60.28366362620097	2.37
150.0	422.1604630476563			59.85386369532823	2.55
145.0	461.9342588245099			58.02577404760301	2.37
140.0	501.70805460136353			58.01951643615851	2.3
135.0	572.2533815587003			60.134642322380714	2.3
130.0	642.7987085160372			56.90344722036978	2.3
125.0	713.3440354733741			59.186436632725226	2.3
120.0	783.8893624307109			59.23171551772414	2.3
115.0	814.4455271911497			60.18587936237003	2.3
110.0	845.0016919515884			57.931869857794425	2.3
105.0	875.5578567120272			60.00422681144754	2.49
100.0	906.114021472466			59.32901678509516	2.3
95.0	1030.4355497369813			63.947971095641456	2.37
90.0	1154.7570780014967			60.59629681173096	2.97
85.0	1279.078606266012			51.699627836986494	3.09
80.0	1403.4001345305273			54.800445181481834	2.73
75.0	1461.4915563260724			58.13895723940716	2.3
70.0	1519.5829781216175			53.934347407676924	2.31
65.0	1577.6743999171626			53.70527485319123	3.96
60.0	1635.7658217127077			49.84018877506808	3.96
55.0	1645.999020762024			42.13726531985346	3.96
50.0	1656.23221981134			43.05377261281841	3.96
45.0	1666.465418860656			45.14722257078359	3.96
40.0	1676.6986179099722			49.22866822283315	3.96
35.0	1704.5655559375296			49.70179958829207	3.96
30.0	1732.432493965087			50.43040270541517	3.96
25.0	1760.299431992644			45.712000918842946	3.96
20.0	1788.1663700202014			49.76435811483627	3.96
15.0	1840.874777515151			46.2390590150591	3.96
