	Year	ref
0	1001	-4.798
1	1002	-5.029
2	1003	-5.163
3	1004	-5.253
4	1005	-5.364
5	1006	-5.422
6	1007	-5.419
7	1008	-5.421
8	1009	-5.414
9	1010	-5.404
10	1011	-5.426
11	1012	-5.434
12	1013	-5.394
13	1014	-5.369
14	1015	-5.349
15	1016	-5.257
16	1017	-5.128
17	1018	-5.078
18	1019	-5.123
19	1020	-5.179
20	1021	-5.177
21	1022	-5.165
22	1023	-5.224
23	1024	-5.291
24	1025	-5.272
25	1026	-5.23
26	1027	-5.249
27	1028	-5.267
28	1029	-5.202
29	1030	-5.119
30	1031	-5.117
31	1032	-5.134
32	1033	-5.11
33	1034	-5.146
34	1035	-5.256
35	1036	-5.302
36	1037	-5.192
37	1038	-4.978
38	1039	-4.766
39	1040	-4.584
40	1041	-4.447
41	1042	-4.388
42	1043	-4.407
43	1044	-4.503
44	1045	-4.673
45	1046	-4.841
46	1047	-4.976
47	1048	-5.086
48	1049	-5.147
49	1050	-5.173
50	1051	-5.159
51	1052	-5.1
52	1053	-5.007
53	1054	-4.923
54	1055	-4.908
55	1056	-4.918
56	1057	-4.864
57	1058	-4.739
58	1059	-4.619
59	1060	-4.569
60	1061	-4.584
61	1062	-4.659
62	1063	-4.791
63	1064	-4.914
64	1065	-4.97
65	1066	-4.962
66	1067	-4.921
67	1068	-4.892
68	1069	-4.908
69	1070	-4.927
70	1071	-4.882
71	1072	-4.82
72	1073	-4.792
73	1074	-4.72
74	1075	-4.6
75	1076	-4.519
76	1077	-4.499
77	1078	-4.493
78	1079	-4.491
79	1080	-4.544
80	1081	-4.63
81	1082	-4.695
82	1083	-4.78
83	1084	-4.889
84	1085	-4.921
85	1086	-4.849
86	1087	-4.779
87	1088	-4.755
88	1089	-4.752
89	1090	-4.812
90	1091	-4.904
91	1092	-4.949
92	1093	-4.941
93	1094	-4.852
94	1095	-4.72
95	1096	-4.667
96	1097	-4.668
97	1098	-4.627
98	1099	-4.58
99	1100	-4.585
100	1101	-4.647
101	1102	-4.759
102	1103	-4.872
103	1104	-4.982
104	1105	-5.123
105	1106	-5.253
106	1107	-5.294
107	1108	-5.26
108	1109	-5.238
109	1110	-5.259
110	1111	-5.302
111	1112	-5.327
112	1113	-5.317
113	1114	-5.321
114	1115	-5.334
115	1116	-5.276
116	1117	-5.145
117	1118	-5.025
118	1119	-4.964
119	1120	-4.904
120	1121	-4.818
121	1122	-4.775
122	1123	-4.792
123	1124	-4.817
124	1125	-4.862
125	1126	-4.956
126	1127	-5.044
127	1128	-5.084
128	1129	-5.135
129	1130	-5.177
130	1131	-5.153
131	1132	-5.122
132	1133	-5.159
133	1134	-5.188
134	1135	-5.125
135	1136	-5.023
136	1137	-4.928
137	1138	-4.797
138	1139	-4.64
139	1140	-4.549
140	1141	-4.55
141	1142	-4.569
142	1143	-4.535
143	1144	-4.478
144	1145	-4.49
145	1146	-4.587
146	1147	-4.733
147	1148	-4.878
148	1149	-4.935
149	1150	-4.875
150	1151	-4.768
151	1152	-4.687
152	1153	-4.649
153	1154	-4.651
154	1155	-4.682
155	1156	-4.742
156	1157	-4.848
157	1158	-5.015
158	1159	-5.166
159	1160	-5.197
160	1161	-5.16
161	1162	-5.171
162	1163	-5.206
163	1164	-5.222
164	1165	-5.273
165	1166	-5.358
166	1167	-5.419
167	1168	-5.454
168	1169	-5.429
169	1170	-5.339
170	1171	-5.267
171	1172	-5.222
172	1173	-5.173
173	1174	-5.13
174	1175	-5.055
175	1176	-4.981
176	1177	-4.993
177	1178	-5.029
178	1179	-4.987
179	1180	-4.925
180	1181	-4.911
181	1182	-4.921
182	1183	-4.938
183	1184	-4.936
184	1185	-4.936
185	1186	-5.004
186	1187	-5.069
187	1188	-5.069
188	1189	-5.076
189	1190	-5.096
190	1191	-5.031
191	1192	-4.873
192	1193	-4.718
193	1194	-4.599
194	1195	-4.489
195	1196	-4.394
196	1197	-4.321
197	1198	-4.266
198	1199	-4.213
199	1200	-4.18
200	1201	-4.223
201	1202	-4.351
202	1203	-4.506
203	1204	-4.597
204	1205	-4.595
205	1206	-4.552
206	1207	-4.476
207	1208	-4.377
208	1209	-4.307
209	1210	-4.316
210	1211	-4.417
211	1212	-4.561
212	1213	-4.726
213	1214	-4.887
214	1215	-4.985
215	1216	-5.017
216	1217	-5.009
217	1218	-4.956
218	1219	-4.85
219	1220	-4.749
220	1221	-4.711
221	1222	-4.68
222	1223	-4.627
223	1224	-4.65
224	1225	-4.748
225	1226	-4.805
226	1227	-4.801
227	1228	-4.779
228	1229	-4.774
229	1230	-4.787
230	1231	-4.751
231	1232	-4.666
232	1233	-4.645
233	1234	-4.726
234	1235	-4.829
235	1236	-4.884
236	1237	-4.876
237	1238	-4.848
238	1239	-4.859
239	1240	-4.887
240	1241	-4.896
241	1242	-4.92
242	1243	-4.985
243	1244	-5.075
244	1245	-5.135
245	1246	-5.143
246	1247	-5.144
247	1248	-5.157
248	1249	-5.138
249	1250	-5.1
250	1251	-5.129
251	1252	-5.2
252	1253	-5.257
253	1254	-5.329
254	1255	-5.372
255	1256	-5.333
256	1257	-5.283
257	1258	-5.249
258	1259	-5.174
259	1260	-5.087
260	1261	-5.039
261	1262	-5.028
262	1263	-5.071
263	1264	-5.169
264	1265	-5.231
265	1266	-5.228
266	1267	-5.265
267	1268	-5.342
268	1269	-5.36
269	1270	-5.324
270	1271	-5.321
271	1272	-5.359
272	1273	-5.368
273	1274	-5.361
274	1275	-5.377
275	1276	-5.381
276	1277	-5.335
277	1278	-5.301
278	1279	-5.344
279	1280	-5.406
280	1281	-5.457
281	1282	-5.536
282	1283	-5.594
283	1284	-5.574
284	1285	-5.513
285	1286	-5.458
286	1287	-5.464
287	1288	-5.496
288	1289	-5.453
289	1290	-5.372
290	1291	-5.298
291	1292	-5.203
292	1293	-5.134
293	1294	-5.152
294	1295	-5.208
295	1296	-5.216
296	1297	-5.141
297	1298	-5.026
298	1299	-4.931
299	1300	-4.849
300	1301	-4.775
301	1302	-4.769
302	1303	-4.842
303	1304	-4.912
304	1305	-4.945
305	1306	-4.969
306	1307	-4.946
307	1308	-4.849
308	1309	-4.743
309	1310	-4.684
310	1311	-4.69
311	1312	-4.723
312	1313	-4.714
313	1314	-4.668
314	1315	-4.651
315	1316	-4.684
316	1317	-4.75
317	1318	-4.816
318	1319	-4.859
319	1320	-4.914
320	1321	-4.996
321	1322	-5.086
322	1323	-5.227
323	1324	-5.391
324	1325	-5.469
325	1326	-5.478
326	1327	-5.51
327	1328	-5.547
328	1329	-5.511
329	1330	-5.393
330	1331	-5.253
331	1332	-5.149
332	1333	-5.088
333	1334	-5.032
334	1335	-4.981
335	1336	-4.948
336	1337	-4.883
337	1338	-4.762
338	1339	-4.654
339	1340	-4.586
340	1341	-4.518
341	1342	-4.496
342	1343	-4.583
343	1344	-4.716
344	1345	-4.837
345	1346	-4.966
346	1347	-5.031
347	1348	-5.009
348	1349	-5.015
349	1350	-5.041
350	1351	-4.998
351	1352	-4.929
352	1353	-4.879
353	1354	-4.795
354	1355	-4.695
355	1356	-4.638
356	1357	-4.617
357	1358	-4.628
358	1359	-4.718
359	1360	-4.886
360	1361	-5.014
361	1362	-5.051
362	1363	-5.087
363	1364	-5.124
364	1365	-5.072
365	1366	-4.947
366	1367	-4.835
367	1368	-4.76
368	1369	-4.752
369	1370	-4.798
370	1371	-4.86
371	1372	-4.958
372	1373	-5.021
373	1374	-4.995
374	1375	-4.973
375	1376	-4.988
376	1377	-5.01
377	1378	-5.068
378	1379	-5.105
379	1380	-5.051
380	1381	-4.958
381	1382	-4.872
382	1383	-4.8
383	1384	-4.76
384	1385	-4.786
385	1386	-4.867
386	1387	-4.944
387	1388	-4.993
388	1389	-4.959
389	1390	-4.85
390	1391	-4.797
391	1392	-4.833
392	1393	-4.898
393	1394	-4.98
394	1395	-5.082
395	1396	-5.16
396	1397	-5.199
397	1398	-5.218
398	1399	-5.198
399	1400	-5.142
400	1401	-5.106
401	1402	-5.112
402	1403	-5.108
403	1404	-5.084
404	1405	-5.121
405	1406	-5.212
406	1407	-5.258
407	1408	-5.233
408	1409	-5.219
409	1410	-5.259
410	1411	-5.269
411	1412	-5.229
412	1413	-5.224
413	1414	-5.241
414	1415	-5.209
415	1416	-5.173
416	1417	-5.18
417	1418	-5.184
418	1419	-5.129
419	1420	-4.964
420	1421	-4.721
421	1422	-4.525
422	1423	-4.442
423	1424	-4.425
424	1425	-4.425
425	1426	-4.45
426	1427	-4.508
427	1428	-4.56
428	1429	-4.554
429	1430	-4.52
430	1431	-4.516
431	1432	-4.525
432	1433	-4.528
433	1434	-4.531
434	1435	-4.529
435	1436	-4.533
436	1437	-4.579
437	1438	-4.662
438	1439	-4.739
439	1440	-4.763
440	1441	-4.742
441	1442	-4.744
442	1443	-4.799
443	1444	-4.875
444	1445	-4.962
445	1446	-5.044
446	1447	-5.081
447	1448	-5.031
448	1449	-4.909
449	1450	-4.832
450	1451	-4.873
451	1452	-4.985
452	1453	-5.057
453	1454	-5.058
454	1455	-5.031
455	1456	-5.034
456	1457	-5.124
457	1458	-5.244
458	1459	-5.265
459	1460	-5.158
460	1461	-4.988
461	1462	-4.829
462	1463	-4.752
463	1464	-4.812
464	1465	-4.954
465	1466	-5.019
466	1467	-4.939
467	1468	-4.808
468	1469	-4.752
469	1470	-4.799
470	1471	-4.901
471	1472	-5.006
472	1473	-5.063
473	1474	-5.045
474	1475	-4.976
475	1476	-4.883
476	1477	-4.818
477	1478	-4.835
478	1479	-4.889
479	1480	-4.952
480	1481	-5.049
481	1482	-5.137
482	1483	-5.17
483	1484	-5.144
484	1485	-5.126
485	1486	-5.182
486	1487	-5.219
487	1488	-5.197
488	1489	-5.207
489	1490	-5.211
490	1491	-5.161
491	1492	-5.127
492	1493	-5.138
493	1494	-5.158
494	1495	-5.21
495	1496	-5.3
496	1497	-5.364
497	1498	-5.391
498	1499	-5.415
499	1500	-5.451
500	1501	-5.476
501	1502	-5.448
502	1503	-5.382
503	1504	-5.323
504	1505	-5.256
505	1506	-5.155
506	1507	-5.086
507	1508	-5.075
508	1509	-5.073
509	1510	-5.097
510	1511	-5.147
511	1512	-5.192
512	1513	-5.222
513	1514	-5.192
514	1515	-5.137
515	1516	-5.126
516	1517	-5.133
517	1518	-5.095
518	1519	-5.038
519	1520	-5.002
520	1521	-4.936
521	1522	-4.842
522	1523	-4.792
523	1524	-4.782
524	1525	-4.759
525	1526	-4.761
526	1527	-4.795
527	1528	-4.823
528	1529	-4.905
529	1530	-5.028
530	1531	-5.13
531	1532	-5.206
532	1533	-5.215
533	1534	-5.158
534	1535	-5.086
535	1536	-5.052
536	1537	-5.083
537	1538	-5.102
538	1539	-5.073
539	1540	-5.09
540	1541	-5.143
541	1542	-5.143
542	1543	-5.103
543	1544	-5.047
544	1545	-4.956
545	1546	-4.875
546	1547	-4.853
547	1548	-4.86
548	1549	-4.851
549	1550	-4.851
550	1551	-4.88
551	1552	-4.887
552	1553	-4.871
553	1554	-4.905
554	1555	-4.949
555	1556	-4.902
556	1557	-4.797
557	1558	-4.705
558	1559	-4.621
559	1560	-4.561
560	1561	-4.563
561	1562	-4.604
562	1563	-4.629
563	1564	-4.664
564	1565	-4.721
565	1566	-4.756
566	1567	-4.801
567	1568	-4.867
568	1569	-4.907
569	1570	-4.972
570	1571	-5.116
571	1572	-5.266
572	1573	-5.317
573	1574	-5.302
574	1575	-5.293
575	1576	-5.33
576	1577	-5.407
577	1578	-5.453
578	1579	-5.465
579	1580	-5.482
580	1581	-5.44
581	1582	-5.328
582	1583	-5.248
583	1584	-5.221
584	1585	-5.197
585	1586	-5.195
586	1587	-5.214
587	1588	-5.209
588	1589	-5.208
589	1590	-5.221
590	1591	-5.239
591	1592	-5.285
592	1593	-5.302
593	1594	-5.237
594	1595	-5.139
595	1596	-5.078
596	1597	-5.076
597	1598	-5.089
598	1599	-5.075
599	1600	-5.057
600	1601	-5.065
601	1602	-5.106
602	1603	-5.128
603	1604	-5.059
604	1605	-4.934
605	1606	-4.844
606	1607	-4.801
607	1608	-4.743
608	1609	-4.658
609	1610	-4.617
610	1611	-4.617
611	1612	-4.609
612	1613	-4.634
613	1614	-4.678
614	1615	-4.694
615	1616	-4.73
616	1617	-4.787
617	1618	-4.82
618	1619	-4.814
619	1620	-4.777
620	1621	-4.77
621	1622	-4.775
622	1623	-4.751
623	1624	-4.758
624	1625	-4.805
625	1626	-4.878
626	1627	-4.991
627	1628	-5.076
628	1629	-5.081
629	1630	-5.059
630	1631	-5.016
631	1632	-4.955
632	1633	-4.974
633	1634	-5.063
634	1635	-5.108
635	1636	-5.066
636	1637	-4.952
637	1638	-4.848
638	1639	-4.838
639	1640	-4.853
640	1641	-4.828
641	1642	-4.809
642	1643	-4.81
643	1644	-4.829
644	1645	-4.933
645	1646	-5.118
646	1647	-5.261
647	1648	-5.285
648	1649	-5.276
649	1650	-5.323
650	1651	-5.37
651	1652	-5.415
652	1653	-5.509
653	1654	-5.569
654	1655	-5.502
655	1656	-5.366
656	1657	-5.296
657	1658	-5.299
658	1659	-5.257
659	1660	-5.135
660	1661	-5.029
661	1662	-5.009
662	1663	-5.055
663	1664	-5.113
664	1665	-5.102
665	1666	-5.031
666	1667	-4.966
667	1668	-4.89
668	1669	-4.805
669	1670	-4.774
670	1671	-4.817
671	1672	-4.907
672	1673	-4.996
673	1674	-5.068
674	1675	-5.114
675	1676	-5.077
676	1677	-4.981
677	1678	-4.921
678	1679	-4.912
679	1680	-4.951
680	1681	-5.041
681	1682	-5.096
682	1683	-5.051
683	1684	-4.954
684	1685	-4.876
685	1686	-4.877
686	1687	-4.96
687	1688	-5.016
688	1689	-5.009
689	1690	-5.027
690	1691	-5.075
691	1692	-5.062
692	1693	-4.975
693	1694	-4.905
694	1695	-4.877
695	1696	-4.831
696	1697	-4.788
697	1698	-4.786
698	1699	-4.753
699	1700	-4.672
700	1701	-4.618
701	1702	-4.644
702	1703	-4.775
703	1704	-4.963
704	1705	-5.092
705	1706	-5.131
706	1707	-5.15
707	1708	-5.198
708	1709	-5.25
709	1710	-5.289
710	1711	-5.32
711	1712	-5.292
712	1713	-5.23
713	1714	-5.211
714	1715	-5.198
715	1716	-5.173
716	1717	-5.194
717	1718	-5.234
718	1719	-5.231
719	1720	-5.219
720	1721	-5.233
721	1722	-5.219
722	1723	-5.198
723	1724	-5.227
724	1725	-5.236
725	1726	-5.168
726	1727	-5.101
727	1728	-5.053
728	1729	-4.967
729	1730	-4.884
730	1731	-4.837
731	1732	-4.791
732	1733	-4.78
733	1734	-4.784
734	1735	-4.73
735	1736	-4.624
736	1737	-4.525
737	1738	-4.487
738	1739	-4.518
739	1740	-4.614
740	1741	-4.774
741	1742	-4.944
742	1743	-5.061
743	1744	-5.096
744	1745	-5.083
745	1746	-5.135
746	1747	-5.227
747	1748	-5.241
748	1749	-5.206
749	1750	-5.149
750	1751	-5.062
751	1752	-5.002
752	1753	-4.934
753	1754	-4.825
754	1755	-4.774
755	1756	-4.792
756	1757	-4.814
757	1758	-4.822
758	1759	-4.777
759	1760	-4.651
760	1761	-4.497
761	1762	-4.403
762	1763	-4.421
763	1764	-4.503
764	1765	-4.6
765	1766	-4.709
766	1767	-4.77
767	1768	-4.762
768	1769	-4.772
769	1770	-4.845
770	1771	-4.967
771	1772	-5.098
772	1773	-5.216
773	1774	-5.357
774	1775	-5.481
775	1776	-5.512
776	1777	-5.479
777	1778	-5.434
778	1779	-5.36
779	1780	-5.256
780	1781	-5.193
781	1782	-5.152
782	1783	-5.057
783	1784	-4.941
784	1785	-4.867
785	1786	-4.814
786	1787	-4.765
787	1788	-4.762
788	1789	-4.772
789	1790	-4.76
790	1791	-4.802
791	1792	-4.888
792	1793	-4.88
793	1794	-4.772
794	1795	-4.699
795	1796	-4.664
796	1797	-4.598
797	1798	-4.513
798	1799	-4.45
799	1800	-4.456
800	1801	-4.522
801	1802	-4.603
802	1803	-4.65
803	1804	-4.641
804	1805	-4.631
805	1806	-4.65
806	1807	-4.696
807	1808	-4.74
808	1809	-4.768
809	1810	-4.836
810	1811	-4.94
811	1812	-5.009
812	1813	-5.039
813	1814	-5.126
814	1815	-5.246
815	1816	-5.297
816	1817	-5.324
817	1818	-5.389
818	1819	-5.423
819	1820	-5.401
820	1821	-5.401
821	1822	-5.409
822	1823	-5.333
823	1824	-5.21
824	1825	-5.128
825	1826	-5.084
826	1827	-5.023
827	1828	-4.91
828	1829	-4.777
829	1830	-4.676
830	1831	-4.645
831	1832	-4.688
832	1833	-4.764
833	1834	-4.82
834	1835	-4.807
835	1836	-4.746
836	1837	-4.709
837	1838	-4.691
838	1839	-4.672
839	1840	-4.672
840	1841	-4.653
841	1842	-4.603
842	1843	-4.594
843	1844	-4.605
844	1845	-4.596
845	1846	-4.602
846	1847	-4.625
847	1848	-4.647
848	1849	-4.679
849	1850	-4.733
850	1851	-4.803
851	1852	-4.852
852	1853	-4.882
853	1854	-4.905
854	1855	-4.869
855	1856	-4.783
856	1857	-4.737
857	1858	-4.747
858	1859	-4.784
859	1860	-4.878
860	1861	-5.008
861	1862	-5.076
862	1863	-5.079
863	1864	-5.069
864	1865	-5.029
865	1866	-4.977
866	1867	-4.943
867	1868	-4.947
868	1869	-5.016
869	1870	-5.105
870	1871	-5.155
871	1872	-5.189
872	1873	-5.203
873	1874	-5.178
874	1875	-5.176
875	1876	-5.196
876	1877	-5.166
877	1878	-5.084
878	1879	-5.029
879	1880	-5.003
880	1881	-4.936
881	1882	-4.829
882	1883	-4.736
883	1884	-4.702
884	1885	-4.732
885	1886	-4.783
886	1887	-4.798
887	1888	-4.789
888	1889	-4.82
889	1890	-4.903
890	1891	-4.976
891	1892	-4.998
892	1893	-5.006
893	1894	-5.025
894	1895	-5.04
895	1896	-5.024
896	1897	-5.009
897	1898	-5.014
898	1899	-4.956
899	1900	-4.838
900	1901	-4.777
901	1902	-4.767
902	1903	-4.764
903	1904	-4.798
904	1905	-4.814
905	1906	-4.741
906	1907	-4.653
907	1908	-4.625
908	1909	-4.613
909	1910	-4.58
910	1911	-4.564
911	1912	-4.533
912	1913	-4.459
913	1914	-4.431
914	1915	-4.51
915	1916	-4.63
916	1917	-4.711
917	1918	-4.741
918	1919	-4.74
919	1920	-4.77
920	1921	-4.829
921	1922	-4.84
922	1923	-4.828
923	1924	-4.86
924	1925	-4.929
925	1926	-4.993
926	1927	-5.021
927	1928	-4.98
928	1929	-4.86
929	1930	-4.743
930	1931	-4.726
931	1932	-4.827
932	1933	-4.981
933	1934	-5.054
934	1935	-5.041
935	1936	-5.049
936	1937	-5.059
937	1938	-5.041
938	1939	-5.051
939	1940	-5.085
940	1941	-5.132
941	1942	-5.22
942	1943	-5.289
943	1944	-5.242
944	1945	-5.109
945	1946	-4.979
946	1947	-4.897
947	1948	-4.872
948	1949	-4.891
949	1950	-4.931
950	1951	-4.914
951	1952	-4.784
952	1953	-4.638
953	1954	-4.59
954	1955	-4.623
955	1956	-4.707
956	1957	-4.863
957	1958	-5.016
958	1959	-5.054
959	1960	-5.052
960	1961	-5.117
961	1962	-5.186
962	1963	-5.179
963	1964	-5.095
964	1965	-4.987
965	1966	-4.92
966	1967	-4.881
967	1968	-4.815
968	1969	-4.762
969	1970	-4.759
970	1971	-4.711
971	1972	-4.608
972	1973	-4.542
973	1974	-4.54
974	1975	-4.577
975	1976	-4.602
976	1977	-4.601
977	1978	-4.613
978	1979	-4.656
979	1980	-4.725
980	1981	-4.795
981	1982	-4.793
982	1983	-4.743
983	1984	-4.722
984	1985	-4.69
985	1986	-4.659
986	1987	-4.705
987	1988	-4.776
988	1989	-4.807
989	1990	-4.847
990	1991	-4.887
991	1992	-4.879
992	1993	-4.842
993	1994	-4.776
994	1995	-4.699
995	1996	-4.663
996	1997	-4.659
997	1998	-4.704
998	1999	-4.822
999	2000	-4.963
