	Year	ref
0	1001	-4.477
1	1002	-6.792
2	1003	-5.825
3	1004	-3.92
4	1005	-6.549
5	1006	-6.489
6	1007	-4.539
7	1008	-5.922
8	1009	-5.611
9	1010	-4.644
10	1011	-5.486
11	1012	-6.657
12	1013	-4.755
13	1014	-4.877
14	1015	-6.726
15	1016	-5.899
16	1017	-3.904
17	1018	-3.798
18	1019	-5.06
19	1020	-6.16
20	1021	-5.629
21	1022	-3.64
22	1023	-5.001
23	1024	-6.928
24	1025	-5.677
25	1026	-3.718
26	1027	-5.379
27	1028	-6.594
28	1029	-5.723
29	1030	-3.467
30	1031	-4.69
31	1032	-6.853
32	1033	-3.731
33	1034	-3.822
34	1035	-6.318
35	1036	-7.047
36	1037	-6.842
37	1038	-4.072
38	1039	-4.886
39	1040	-4.036
40	1041	-3.66
41	1042	-3.35
42	1043	-4.182
43	1044	-2.937
44	1045	-5.06
45	1046	-5.723
46	1047	-4.129
47	1048	-6.894
48	1049	-4.351
49	1050	-6.337
50	1051	-5.227
51	1052	-5.584
52	1053	-5.311
53	1054	-3.516
54	1055	-4.631
55	1056	-5.875
56	1057	-5.807
57	1058	-4.707
58	1059	-3.544
59	1060	-3.973
60	1061	-4.225
61	1062	-3.632
62	1063	-4.9
63	1064	-6.061
64	1065	-5.298
65	1066	-5.648
66	1067	-4.557
67	1068	-4.469
68	1069	-4.326
69	1070	-6.382
70	1071	-5.155
71	1072	-3.433
72	1073	-5.98
73	1074	-5.454
74	1075	-3.86
75	1076	-3.728
76	1077	-4.378
77	1078	-4.987
78	1079	-3.451
79	1080	-3.932
80	1081	-5.582
81	1082	-4.23
82	1083	-3.972
83	1084	-6.041
84	1085	-6.456
85	1086	-4.789
86	1087	-3.281
87	1088	-5.953
88	1089	-3.041
89	1090	-4.539
90	1091	-5.88
91	1092	-5.125
92	1093	-5.741
93	1094	-6.307
94	1095	-2.751
95	1096	-3.962
96	1097	-5.901
97	1098	-4.54
98	1099	-3.726
99	1100	-4.379
100	1101	-3.581
101	1102	-5.137
102	1103	-5.122
103	1104	-4.245
104	1105	-5.095
105	1106	-6.508
106	1107	-6.339
107	1108	-4.881
108	1109	-4.503
109	1110	-5.393
110	1111	-4.931
111	1112	-6.608
112	1113	-4.521
113	1114	-5.084
114	1115	-6.245
115	1116	-6.522
116	1117	-4.662
117	1118	-4.266
118	1119	-4.664
119	1120	-6.175
120	1121	-3.637
121	1122	-4.128
122	1123	-4.926
123	1124	-4.834
124	1125	-3.921
125	1126	-4.82
126	1127	-6.545
127	1128	-4.101
128	1129	-5.191
129	1130	-6.358
130	1131	-5.392
131	1132	-3.75
132	1133	-4.978
133	1134	-7.182
134	1135	-5.034
135	1136	-4.742
136	1137	-5.307
137	1138	-5.77
138	1139	-3.341
139	1140	-3.538
140	1141	-4.203
141	1142	-5.56
142	1143	-5.02
143	1144	-3.43
144	1145	-3.379
145	1146	-4.441
146	1147	-4.186
147	1148	-6.157
148	1149	-6.393
149	1150	-5.408
150	1151	-4.08
151	1152	-4.507
152	1153	-3.964
153	1154	-4.653
154	1155	-4.152
155	1156	-4.678
156	1157	-3.683
157	1158	-4.954
158	1159	-7.064
159	1160	-6.28
160	1161	-3.818
161	1162	-4.838
162	1163	-6.233
163	1164	-4.279
164	1165	-4.726
165	1166	-6.084
166	1167	-5.404
167	1168	-5.838
168	1169	-7.067
169	1170	-4.258
170	1171	-5.061
171	1172	-5.692
172	1173	-4.549
173	1174	-5.704
174	1175	-5.762
175	1176	-2.985
176	1177	-4.83
177	1178	-6.437
178	1179	-5.386
179	1180	-3.541
180	1181	-5.39
181	1182	-4.379
182	1183	-5.25
183	1184	-5.626
184	1185	-3.128
185	1186	-5.258
186	1187	-6.486
187	1188	-4.559
188	1189	-4.379
189	1190	-6.489
190	1191	-6.372
191	1192	-4.473
192	1193	-4.037
193	1194	-4.977
194	1195	-4.008
195	1196	-4.408
196	1197	-3.865
197	1198	-4.498
198	1199	-4.092
199	1200	-3.386
200	1201	-2.924
201	1202	-4.326
202	1203	-4.817
203	1204	-6.519
204	1205	-4.145
205	1206	-5.205
206	1207	-4.922
207	1208	-3.741
208	1209	-3.947
209	1210	-2.559
210	1211	-4.623
211	1212	-4.165
212	1213	-4.505
213	1214	-5.876
214	1215	-5.73
215	1216	-5.177
216	1217	-5.544
217	1218	-5.529
218	1219	-5.253
219	1220	-3.227
220	1221	-4.8
221	1222	-5.723
222	1223	-3.385
223	1224	-3.028
224	1225	-6.222
225	1226	-5.133
226	1227	-5.103
227	1228	-4.577
228	1229	-4.19
229	1230	-5.422
230	1231	-6.062
231	1232	-3.323
232	1233	-3.463
233	1234	-4.402
234	1235	-5.763
235	1236	-5.267
236	1237	-5.661
237	1238	-3.709
238	1239	-4.783
239	1240	-5.51
240	1241	-4.481
241	1242	-4.554
242	1243	-4.446
243	1244	-5.567
244	1245	-5.893
245	1246	-5.172
246	1247	-4.64
247	1248	-5.646
248	1249	-5.925
249	1250	-3.793
250	1251	-4.31
251	1252	-6.423
252	1253	-4.217
253	1254	-5.612
254	1255	-6.958
255	1256	-5.17
256	1257	-4.467
257	1258	-6.415
258	1259	-5.256
259	1260	-4.27
260	1261	-5.025
261	1262	-4.421
262	1263	-4.117
263	1264	-5.496
264	1265	-6.982
265	1266	-3.947
266	1267	-4.533
267	1268	-6.48
268	1269	-6.132
269	1270	-4.857
270	1271	-4.126
271	1272	-6.593
272	1273	-5.219
273	1274	-5.086
274	1275	-5.181
275	1276	-6.525
276	1277	-5.216
277	1278	-3.916
278	1279	-5.159
279	1280	-6.4
280	1281	-4.12
281	1282	-6.065
282	1283	-6.754
283	1284	-5.777
284	1285	-5.617
285	1286	-4.818
286	1287	-4.154
287	1288	-7.754
288	1289	-5.251
289	1290	-5.027
290	1291	-5.9
291	1292	-5.189
292	1293	-3.531
293	1294	-4.908
294	1295	-5.748
295	1296	-6.334
296	1297	-5.654
297	1298	-4.478
298	1299	-4.714
299	1300	-5.312
300	1301	-3.738
301	1302	-3.678
302	1303	-4.917
303	1304	-5.968
304	1305	-4.241
305	1306	-5.668
306	1307	-6.158
307	1308	-4.665
308	1309	-4.245
309	1310	-3.982
310	1311	-4.016
311	1312	-5.688
312	1313	-5.136
313	1314	-4.31
314	1315	-3.814
315	1316	-4.691
316	1317	-4.303
317	1318	-5.669
318	1319	-4.558
319	1320	-4.164
320	1321	-5.718
321	1322	-4.065
322	1323	-4.51
323	1324	-6.932
324	1325	-6.555
325	1326	-4.49
326	1327	-5.465
327	1328	-6.433
328	1329	-6.721
329	1330	-5.35
330	1331	-5.021
331	1332	-4.21
332	1333	-5.454
333	1334	-5.068
334	1335	-4.315
335	1336	-5.541
336	1337	-5.65
337	1338	-4.86
338	1339	-3.193
339	1340	-5.792
340	1341	-3.572
341	1342	-3.358
342	1343	-3.486
343	1344	-6.177
344	1345	-3.482
345	1346	-5.935
346	1347	-6.96
347	1348	-3.69
348	1349	-4.577
349	1350	-6.478
350	1351	-5.278
351	1352	-3.965
352	1353	-5.79
353	1354	-5.271
354	1355	-3.506
355	1356	-4.785
356	1357	-4.082
357	1358	-4.283
358	1359	-2.821
359	1360	-5.859
360	1361	-6.61
361	1362	-4.493
362	1363	-4.675
363	1364	-6.422
364	1365	-6.437
365	1366	-3.856
366	1367	-5.135
367	1368	-3.755
368	1369	-3.786
369	1370	-5.612
370	1371	-3.555
371	1372	-5.306
372	1373	-6.999
373	1374	-4.3
374	1375	-4.175
375	1376	-5.809
376	1377	-3.899
377	1378	-5.044
378	1379	-7.086
379	1380	-4.73
380	1381	-5.161
381	1382	-4.55
382	1383	-4.644
383	1384	-4.143
384	1385	-3.539
385	1386	-5.793
386	1387	-4.518
387	1388	-5.997
388	1389	-6.727
389	1390	-3.267
390	1391	-3.981
391	1392	-4.5
392	1393	-5.189
393	1394	-4.089
394	1395	-5.778
395	1396	-5.602
396	1397	-5.189
397	1398	-5.563
398	1399	-6.077
399	1400	-4.493
400	1401	-4.734
401	1402	-4.824
402	1403	-6.442
403	1404	-3.512
404	1405	-4.49
405	1406	-5.924
406	1407	-6.251
407	1408	-5.327
408	1409	-3.625
409	1410	-6.206
410	1411	-6.179
411	1412	-4.447
412	1413	-4.48
413	1414	-6.603
414	1415	-5.2
415	1416	-4.023
416	1417	-5.734
417	1418	-5.366
418	1419	-6.596
419	1420	-6.175
420	1421	-3.994
421	1422	-2.887
422	1423	-3.918
423	1424	-4.479
424	1425	-4.163
425	1426	-3.939
426	1427	-4.43
427	1428	-5.515
428	1429	-5.022
429	1430	-3.702
430	1431	-4.559
431	1432	-4.677
432	1433	-4.469
433	1434	-4.469
434	1435	-4.907
435	1436	-3.607
436	1437	-4.407
437	1438	-4.415
438	1439	-5.654
439	1440	-5.302
440	1441	-4.571
441	1442	-3.585
442	1443	-5.191
443	1444	-4.411
444	1445	-5.088
445	1446	-5.439
446	1447	-5.918
447	1448	-6.504
448	1449	-3.923
449	1450	-3.593
450	1451	-3.589
451	1452	-5.993
452	1453	-5.931
453	1454	-5.109
454	1455	-5.176
455	1456	-3.491
456	1457	-4.569
457	1458	-6.737
458	1459	-6.784
459	1460	-5.706
460	1461	-4.872
461	1462	-4.107
462	1463	-3.06
463	1464	-3.406
464	1465	-6.227
465	1466	-6.946
466	1467	-5.574
467	1468	-3.657
468	1469	-3.456
469	1470	-4.394
470	1471	-4.816
471	1472	-5.499
472	1473	-6.016
473	1474	-5.665
474	1475	-4.856
475	1476	-5.399
476	1477	-2.819
477	1478	-5.04
478	1479	-5.004
479	1480	-4.158
480	1481	-5.193
481	1482	-5.973
482	1483	-5.541
483	1484	-5.916
484	1485	-2.928
485	1486	-5.84
486	1487	-6.848
487	1488	-3.609
488	1489	-5.529
489	1490	-6.368
490	1491	-4.691
491	1492	-4.233
492	1493	-5.631
493	1494	-4.739
494	1495	-4.25
495	1496	-6.134
496	1497	-5.686
497	1498	-5.387
498	1499	-5.219
499	1500	-5.34
500	1501	-6.388
501	1502	-5.817
502	1503	-5.244
503	1504	-4.955
504	1505	-6.445
505	1506	-4.532
506	1507	-3.838
507	1508	-5.857
508	1509	-4.459
509	1510	-4.461
510	1511	-6.023
511	1512	-4.243
512	1513	-6.879
513	1514	-5.208
514	1515	-4.431
515	1516	-4.74
516	1517	-5.925
517	1518	-5.727
518	1519	-3.68
519	1520	-6.281
520	1521	-4.941
521	1522	-4.63
522	1523	-3.489
523	1524	-5.988
524	1525	-4.18
525	1526	-3.693
526	1527	-6.261
527	1528	-3.206
528	1529	-4.511
529	1530	-5.798
530	1531	-4.783
531	1532	-6.23
532	1533	-6.148
533	1534	-4.889
534	1535	-5.283
535	1536	-3.423
536	1537	-5.542
537	1538	-6.338
538	1539	-4.007
539	1540	-4.184
540	1541	-6.561
541	1542	-5.34
542	1543	-4.867
543	1544	-5.983
544	1545	-4.679
545	1546	-4.129
546	1547	-4.258
547	1548	-5.636
548	1549	-4.558
549	1550	-4.3
550	1551	-5.103
551	1552	-5.861
552	1553	-3.602
553	1554	-4.507
554	1555	-6.606
555	1556	-5.627
556	1557	-3.988
557	1558	-5.083
558	1559	-4.315
559	1560	-3.867
560	1561	-3.801
561	1562	-5.268
562	1563	-4.678
563	1564	-3.543
564	1565	-5.989
565	1566	-4.254
566	1567	-4.109
567	1568	-5.958
568	1569	-4.404
569	1570	-3.928
570	1571	-4.538
571	1572	-7.215
572	1573	-5.933
573	1574	-4.806
574	1575	-5.358
575	1576	-3.938
576	1577	-6.457
577	1578	-6.022
578	1579	-4.626
579	1580	-6.395
580	1581	-6.816
581	1582	-4.46
582	1583	-4.293
583	1584	-5.898
584	1585	-4.722
585	1586	-4.56
586	1587	-6.121
587	1588	-4.959
588	1589	-4.683
589	1590	-5.948
590	1591	-4.082
591	1592	-5.813
592	1593	-6.505
593	1594	-5.59
594	1595	-4.556
595	1596	-4.429
596	1597	-4.556
597	1598	-6.196
598	1599	-4.47
599	1600	-5.325
600	1601	-4.117
601	1602	-5.379
602	1603	-6.304
603	1604	-6.093
604	1605	-3.882
605	1606	-4.521
606	1607	-4.634
607	1608	-5.974
608	1609	-3.488
609	1610	-3.934
610	1611	-5.507
611	1612	-3.845
612	1613	-3.984
613	1614	-5.956
614	1615	-3.916
615	1616	-4.223
616	1617	-5.711
617	1618	-4.461
618	1619	-6.137
619	1620	-3.74
620	1621	-4.324
621	1622	-6.216
622	1623	-3.482
623	1624	-4.609
624	1625	-4.796
625	1626	-4.004
626	1627	-5.141
627	1628	-6.765
628	1629	-4.74
629	1630	-5.138
630	1631	-6.051
631	1632	-3.481
632	1633	-3.739
633	1634	-6.192
634	1635	-5.872
635	1636	-5.874
636	1637	-5.405
637	1638	-2.759
638	1639	-4.827
639	1640	-5.931
640	1641	-4.337
641	1642	-4.43
642	1643	-5.267
643	1644	-3.564
644	1645	-3.642
645	1646	-5.697
646	1647	-7.101
647	1648	-5.787
648	1649	-3.691
649	1650	-5.791
650	1651	-6.02
651	1652	-3.748
652	1653	-6.234
653	1654	-7.113
654	1655	-6.767
655	1656	-4.061
656	1657	-4.0
657	1658	-6.28
658	1659	-6.378
659	1660	-5.102
660	1661	-3.325
661	1662	-5.03
662	1663	-4.097
663	1664	-6.529
664	1665	-5.983
665	1666	-4.251
666	1667	-5.378
667	1668	-5.332
668	1669	-3.81
669	1670	-4.202
670	1671	-4.023
671	1672	-5.156
672	1673	-5.35
673	1674	-4.757
674	1675	-6.446
675	1676	-6.056
676	1677	-4.02
677	1678	-4.439
678	1679	-4.798
679	1680	-3.732
680	1681	-5.561
681	1682	-6.68
682	1683	-5.371
683	1684	-4.784
684	1685	-4.14
685	1686	-3.364
686	1687	-5.479
687	1688	-6.537
688	1689	-3.972
689	1690	-4.568
690	1691	-5.866
691	1692	-6.363
692	1693	-4.504
693	1694	-3.92
694	1695	-5.608
695	1696	-5.081
696	1697	-3.419
697	1698	-5.665
698	1699	-5.564
699	1700	-4.112
700	1701	-3.876
701	1702	-3.471
702	1703	-3.688
703	1704	-6.014
704	1705	-6.412
705	1706	-5.086
706	1707	-4.692
707	1708	-4.961
708	1709	-6.056
709	1710	-4.44
710	1711	-6.546
711	1712	-6.029
712	1713	-3.871
713	1714	-5.472
714	1715	-5.828
715	1716	-4.103
716	1717	-4.9
717	1718	-6.113
718	1719	-5.493
719	1720	-4.159
720	1721	-6.081
721	1722	-5.654
722	1723	-3.79
723	1724	-5.615
724	1725	-6.668
725	1726	-4.941
726	1727	-4.129
727	1728	-6.43
728	1729	-4.746
729	1730	-3.782
730	1731	-5.873
731	1732	-3.75
732	1733	-4.446
733	1734	-5.878
734	1735	-5.181
735	1736	-4.719
736	1737	-3.614
737	1738	-3.785
738	1739	-4.044
739	1740	-3.701
740	1741	-4.533
741	1742	-5.94
742	1743	-5.379
743	1744	-6.77
744	1745	-3.353
745	1746	-4.291
746	1747	-7.053
747	1748	-5.582
748	1749	-4.614
749	1750	-6.856
750	1751	-3.46
751	1752	-5.428
752	1753	-6.022
753	1754	-3.812
754	1755	-3.452
755	1756	-5.655
756	1757	-4.272
757	1758	-5.613
758	1759	-5.812
759	1760	-5.076
760	1761	-3.691
761	1762	-3.162
762	1763	-3.298
763	1764	-5.402
764	1765	-3.376
765	1766	-5.749
766	1767	-5.822
767	1768	-4.357
768	1769	-3.84
769	1770	-4.604
770	1771	-4.408
771	1772	-6.104
772	1773	-4.27
773	1774	-5.334
774	1775	-7.123
775	1776	-5.971
776	1777	-5.5
777	1778	-5.398
778	1779	-6.575
779	1780	-4.039
780	1781	-4.778
781	1782	-6.327
782	1783	-5.273
783	1784	-4.175
784	1785	-4.476
785	1786	-5.542
786	1787	-3.582
787	1788	-4.508
788	1789	-5.987
789	1790	-3.443
790	1791	-4.054
791	1792	-5.981
792	1793	-7.166
793	1794	-3.091
794	1795	-4.368
795	1796	-5.502
796	1797	-4.49
797	1798	-4.666
798	1799	-3.334
799	1800	-3.804
800	1801	-4.566
801	1802	-4.547
802	1803	-6.091
803	1804	-4.023
804	1805	-4.499
805	1806	-4.371
806	1807	-4.298
807	1808	-5.893
808	1809	-3.471
809	1810	-4.718
810	1811	-5.007
811	1812	-6.438
812	1813	-3.621
813	1814	-4.287
814	1815	-6.988
815	1816	-5.422
816	1817	-4.305
817	1818	-5.807
818	1819	-6.805
819	1820	-4.466
820	1821	-5.001
821	1822	-6.835
822	1823	-6.232
823	1824	-3.897
824	1825	-5.159
825	1826	-4.851
826	1827	-6.162
827	1828	-4.896
828	1829	-4.487
829	1830	-3.968
830	1831	-3.569
831	1832	-4.591
832	1833	-4.736
833	1834	-5.77
834	1835	-5.69
835	1836	-3.967
836	1837	-4.405
837	1838	-5.289
838	1839	-3.881
839	1840	-4.837
840	1841	-5.901
841	1842	-3.178
842	1843	-4.576
843	1844	-5.248
844	1845	-4.155
845	1846	-4.222
846	1847	-5.127
847	1848	-4.101
848	1849	-4.852
849	1850	-4.038
850	1851	-5.431
851	1852	-5.091
852	1853	-4.533
853	1854	-5.637
854	1855	-6.086
855	1856	-3.634
856	1857	-4.237
857	1858	-4.677
858	1859	-4.296
859	1860	-3.696
860	1861	-6.389
861	1862	-6.006
862	1863	-4.393
863	1864	-6.072
864	1865	-4.882
865	1866	-4.739
866	1867	-4.843
867	1868	-3.879
868	1869	-4.656
869	1870	-6.126
870	1871	-4.997
871	1872	-5.125
872	1873	-6.313
873	1874	-4.527
874	1875	-4.51
875	1876	-6.242
876	1877	-5.763
877	1878	-4.923
878	1879	-3.711
879	1880	-6.583
880	1881	-4.742
881	1882	-5.265
882	1883	-3.456
883	1884	-4.516
884	1885	-3.819
885	1886	-5.933
886	1887	-4.88
887	1888	-4.405
888	1889	-3.919
889	1890	-5.006
890	1891	-6.11
891	1892	-4.634
892	1893	-5.146
893	1894	-4.681
894	1895	-5.74
895	1896	-5.209
896	1897	-3.923
897	1898	-6.187
898	1899	-6.2
899	1900	-3.546
900	1901	-3.889
901	1902	-5.767
902	1903	-3.397
903	1904	-5.037
904	1905	-6.446
905	1906	-4.787
906	1907	-3.502
907	1908	-4.484
908	1909	-5.437
909	1910	-3.879
910	1911	-4.48
911	1912	-5.981
912	1913	-3.392
913	1914	-3.261
914	1915	-3.652
915	1916	-5.899
916	1917	-4.565
917	1918	-5.795
918	1919	-4.014
919	1920	-3.924
920	1921	-6.108
921	1922	-5.049
922	1923	-4.058
923	1924	-4.409
924	1925	-5.15
925	1926	-5.192
926	1927	-5.817
927	1928	-5.954
928	1929	-5.255
929	1930	-2.908
930	1931	-3.956
931	1932	-3.52
932	1933	-6.27
933	1934	-6.98
934	1935	-3.372
935	1936	-5.578
936	1937	-5.628
937	1938	-4.46
938	1939	-4.573
939	1940	-5.639
940	1941	-3.968
941	1942	-5.369
942	1943	-6.911
943	1944	-6.462
944	1945	-4.479
945	1946	-4.918
946	1947	-3.708
947	1948	-5.024
948	1949	-4.069
949	1950	-5.561
950	1951	-6.735
951	1952	-5.03
952	1953	-2.957
953	1954	-3.831
954	1955	-4.575
955	1956	-3.521
956	1957	-4.413
957	1958	-7.208
958	1959	-5.734
959	1960	-3.081
960	1961	-5.712
961	1962	-5.815
962	1963	-6.346
963	1964	-5.197
964	1965	-4.569
965	1966	-4.068
966	1967	-5.84
967	1968	-4.835
968	1969	-3.239
969	1970	-5.837
970	1971	-5.831
971	1972	-3.468
972	1973	-4.273
973	1974	-3.627
974	1975	-5.14
975	1976	-4.862
976	1977	-4.563
977	1978	-3.879
978	1979	-4.929
979	1980	-3.893
980	1981	-6.155
981	1982	-5.755
982	1983	-3.386
983	1984	-5.346
984	1985	-5.182
985	1986	-3.054
986	1987	-4.354
987	1988	-6.071
988	1989	-4.138
989	1990	-4.59
990	1991	-6.032
991	1992	-4.746
992	1993	-5.14
993	1994	-5.443
994	1995	-3.533
995	1996	-4.721
996	1997	-4.387
997	1998	-3.255
998	1999	-5.077
999	2000	-4.966
