depth	true_age	cal_c14_age	sigma_age	d18O	sigma_d18O
0.0	1978.02				
2.5	1970.41	1970.0	0.5		
2.5	1970.41	1969.0	1.5		
27.75	1836.23	1836.0	1.0		
35.25	1787.34	1787.0	1.0		
54.0	1660.91	1660.0	1.5		
72.5	1557.29	1559.0	2.0		
78.75	1512.17	1512.0	1.5		
96.75	1278.68	1278.0	2.5		
0.1	1977.7540603745324			-8.607794325067502	0.1
0.16	1977.594496599252			-8.544277170063424	0.1
0.26	1977.3285569737843			-8.665948254744631	0.1
0.36	1977.0626173483167			-8.632096680696115	0.1
0.52	1976.6371139475684			-8.64512112604762	0.1
0.68	1976.2116105468203			-8.684546838939703	0.1
0.78	1975.9456709213528			-8.699873147976334	0.1
0.89	1975.6531373333385			-8.875785358031258	0.1
1.04	1975.254227895137			-8.682234207997269	0.1
1.2	1974.8287244943888			-8.647335112322391	0.1
1.3	1974.5627848689212			-8.798767242526926	0.1
1.41	1974.270251280907			-8.738197563400028	0.1
1.56	1973.8713418427055			-8.812510832666513	0.1
1.72	1973.4458384419574			-8.845061037748886	0.1
1.82	1973.1798988164899			-8.704036305496858	0.1
1.93	1972.8334789440441			-8.773140433914724	0.1
2.08	1972.2437248212195			-9.043576247348872	0.1
2.24	1971.515982694219			-8.901208965875636	0.1
2.34	1971.02213902904			-8.879301321581647	0.1
2.45	1970.4789109973433			-8.790535806691548	0.1
2.6	1969.738145499575			-8.865551266524069	0.1
2.71	1969.1949174678784			-8.851139142221715	0.1
2.76	1968.9479956352889			-8.858093605529662	0.1
2.81	1968.7010738026995			-8.8534677124677	0.1
2.86	1968.4541519701102			-8.65156967958728	0.1
2.97	1967.9109239384134			-8.59579244542269	0.1
3.13	1967.1207740741272			-8.616156067604292	0.1
3.28	1966.380008576359			-8.639401720363702	0.1
3.39	1965.8367805446624			-8.524034286032679	0.1
3.49	1965.3429368794834			-8.375978536839401	0.1
3.65	1964.5527870151973			-8.445119590179134	0.1
3.8	1963.812021517429			-8.565072615271689	0.1
3.91	1963.2687934857324			-8.34274726038274	0.1
4.01	1962.8490410315082			-8.294200960326922	0.1
4.17	1962.3190249757122			-8.54863938557384	0.1
4.32	1961.833795349964			-8.250389562432119	0.1
4.43	1961.4932976247085			-8.448276140273359	0.1
4.53	1961.1837542381124			-8.598000185364485	0.1
4.69	1960.6884848195587			-8.453673002563054	0.1
4.84	1960.2241697396646			-8.4757881964468	0.1
4.95	1959.883672014409			-8.55638015485899	0.1
5.04	1959.6050829664725			-8.463022448478005	0.1
5.16	1959.2336309025575			-8.352040300568708	0.1
5.28	1958.8621788386422			-8.565302012581977	0.1
5.36	1958.6145441293654			-8.516727720837348	0.1
5.44	1958.3669094200884			-8.45706912475917	0.1
5.56	1957.9954573561733			-8.425460937059077	0.1
5.69	1957.5930509535983			-8.47498349715428	0.1
5.77	1957.3454162443215			-8.456437698570182	0.1
5.85	1957.0977815350448			-8.596391858871922	0.1
5.97	1956.4646685305706			-8.430179303221708	0.1
6.09	1955.4137218782494			-8.67535097042823	0.1
6.17	1954.3295044765594			-8.812562333109481	0.1
6.25	1953.2452870748693			-8.902129661285164	0.1
6.37	1951.6189609723342			-8.54555869648783	0.1
6.77	1946.1978739638841			-8.671198381301096	0.1
7.18	1940.6412597802228			-8.454985079038957	0.1
7.58	1935.2201727717727			-8.373484272517329	0.1
7.98	1929.9011902347172			-8.502326868849565	0.1
8.39	1927.740542174319			-8.815271559067762	0.1
8.79	1925.9072198783385			-8.602959678148629	0.1
9.19	1924.073897582358			-8.191445469417813	0.1
9.6	1922.1947422289782			-8.268394279689693	0.1
10.0	1920.3325413712998			-8.256918762054765	0.1
10.43	1918.1225817977115			-8.36606568995417	0.1
10.85	1915.9358096655717			-8.596871801756361	0.1
11.28	1913.6969715302855			-8.597806580947424	0.1
11.71	1911.4581333949995			-8.50127216836664	0.1
12.14	1908.5361389732855			-8.76484556760738	0.1
12.56	1904.2998979818615			-8.540368369525632	0.1
12.99	1899.9627941096894			-8.243417548295007	0.1
13.42	1895.6256902375176			-8.532543777091382	0.1
13.85	1891.2885863653455			-8.576249659555092	0.1
14.27	1888.5125136795791			-8.421583226890924	0.1
14.7	1886.500863034936			-8.678959805919888	0.1
15.13	1884.4892123902926			-8.8578574534975	0.1
15.57	1882.430779172518			-8.791216942510996	0.1
16.01	1880.4262645233994			-8.718661682707527	0.1
16.45	1878.6994937553438			-8.454931804832338	0.1
16.89	1877.0180730888694			-8.319515917991112	0.1
17.32	1875.374866528451			-8.271669248039075	0.1
17.76	1873.6934458619764			-8.385108615011761	0.1
18.2	1871.7374163753882			-8.65937208351157	0.1
18.64	1869.4518563046631			-8.730430748692813	0.1
19.08	1867.1662962339383			-8.528182840864856	0.1
19.52	1864.8807361632132			-8.78453442040382	0.1
19.96	1862.7625990229137			-8.816485893391981	0.1
20.38	1861.6875438719317			-8.648838211050453	0.1
20.81	1860.89560378274			-8.631657920852408	0.1
21.23	1860.1220809049248			-8.260625124506754	0.1
21.65	1859.3485580271097			-8.458466888800245	0.1
22.08	1858.167400354997			-8.477902161996056	0.1
22.5	1855.9627644816737			-8.643002185024933	0.1
22.92	1853.6601639179783			-8.475245015302303	0.1
23.35	1851.3027395313377			-8.506444790503723	0.1
23.77	1849.0001389676422			-8.777919932209764	0.1
24.19	1847.1500886298113			-8.59102753732328	0.1
24.62	1845.7633719820299			-8.73607760604806	0.1
25.04	1844.4249139105668			-8.759224001902531	0.1
25.44	1843.1501919377447			-8.498793958729708	0.1
25.83	1841.9053192218232			-8.572557750745741	0.1
26.23	1840.587218978409			-8.56143043476053	0.1
26.63	1839.233545591653			-8.653576740775096	0.1
27.02	1837.9137140395658			-8.861581742120503	0.1
27.42	1836.5600406528097			-8.858758246301589	0.1
27.82	1835.2063672660538			-8.937158068464258	0.1
28.21	1834.339136202409			-9.094858825328124	0.1
28.61	1833.6356018639137			-9.038227322285266	0.1
29.01	1833.0050363700777			-9.217790258585286	0.1
29.4	1832.3902350135877			-9.096196966966167	0.1
29.8	1831.6081954409005			-9.182260500697536	0.1
30.22	1828.7770840522812			-9.047926968865845	0.1
30.66	1823.4424786111756			-8.7046820072903	0.1
31.11	1817.9866321373177			-8.331536358667842	0.1
31.55	1812.6520266962123			-8.202827110400845	0.1
31.99	1807.4022088446864			-8.620023932362662	0.1
32.43	1804.1704005437966			-8.957983503352768	0.1
32.88	1801.0038869267014			-8.581947873682841	0.1
33.32	1797.9077402788748			-8.708692765117679	0.1
33.76	1794.8115936310485			-8.488522942074075	0.1
34.2	1792.1382114558414			-8.535021867403303	0.1
34.65	1789.9229179021402			-8.516238509499003	0.1
35.09	1787.7568530940764			-8.384073063426575	0.1
35.54	1785.5415595403751			-8.43201273267865	0.1
35.98	1783.2952152443524			-8.628113743838359	0.1
36.43	1779.6821168296647			-8.852718923584975	0.1
36.88	1775.9199908177643			-8.318034071462066	0.1
37.32	1772.2414676061285			-8.670777708367442	0.1
37.77	1768.4793415942281			-8.718207653855107	0.1
38.21	1766.3029195389367			-8.84476644972632	0.1
38.66	1765.423996482924			-9.005035488345042	0.1
39.11	1764.6518505475453			-8.83219297533598	0.1
39.55	1763.8858048154673			-8.840708945000268	0.1
40.0	1763.0308672205601			-8.739074987369877	0.1
40.44	1759.7471474365764			-8.678617265595387	0.1
40.88	1756.3695773978006			-8.660937038037945	0.1
41.33	1752.915244403598			-8.779569890326972	0.1
41.77	1749.5376743648224			-8.75419843326154	0.1
42.21	1746.4774292155955			-8.79327333450927	0.1
42.65	1743.7647303739698			-8.648200743435291	0.1
43.1	1740.9903792859434			-8.928690697488806	0.1
43.54	1738.2776804443176			-8.736299397681153	0.1
43.98	1735.7166106163936			-8.581984542718953	0.1
44.42	1734.270756487506			-8.56077140539589	0.1
44.87	1733.0161986778087			-8.27374251072844	0.1
45.34	1731.7058827432356			-8.499157442791759	0.1
45.58	1731.0367852447303			-8.25172412851105	0.1
45.68	1730.757994620353			-8.46357494876849	0.1
45.83	1730.339808683787			-8.3798596604873	0.1
46.17	1729.2837301775296			-8.520237030605212	0.1
46.31	1728.8189902158713			-8.415576809424062	0.1
46.8	1727.1642532507988			-8.269785466724384	0.1
47.28	1725.5432864278707			-8.531512333857629	0.1
47.77	1723.878108791712			-8.801573081902003	0.1
48.25	1719.5054131257252			-8.981491644517174	0.1
48.74	1712.436823912929			-8.471826402110507	0.1
49.22	1705.5124916228428			-8.755357225289055	0.1
49.71	1698.4439024100466			-8.81794646562491	0.1
50.19	1691.8121636298915			-8.582059436146094	0.1
50.66	1685.7558722081342			-8.71871129467829	0.1
51.13	1679.6995807863768			-8.743010387887447	0.1
51.6	1673.6432893646195			-8.67685485057392	0.1
52.08	1668.2640700290808			-8.427133359308014	0.1
52.55	1666.3012750190248			-8.452836931659274	0.1
53.02	1664.4317656122494			-8.694884824224536	0.1
53.49	1662.562256205474			-8.597668634640579	0.1
53.96	1660.647063999417			-8.782551929011492	0.1
54.43	1658.275521502603			-8.706023098887291	0.1
54.91	1655.7548315165118			-8.655226452381358	0.1
55.32	1653.6017421533923			-8.563660229883254	0.1
55.73	1651.4486527902727			-8.72011986403667	0.1
56.13	1649.1037958555498			-8.818257703403582	0.1
56.53	1646.251584109253			-9.073260168045657	0.1
56.94	1643.3280670692986			-8.822982546989167	0.1
57.34	1640.4758553230017			-8.692947660552681	0.1
57.74	1637.6236435767048			-8.522929922437516	0.1
58.15	1634.6426912088516			-8.51563863209647	0.1
58.55	1631.637318588158			-8.630114740454678	0.1
58.95	1628.6319459674642			-8.771268728813551	0.1
59.35	1625.6265733467703			-8.852709910053253	0.1
59.76	1622.5460664105592			-8.571114264165177	0.1
60.2	1620.020832478432			-8.788186579998587	0.1
60.69	1618.242339220163			-8.584652775142152	0.1
61.18	1616.4666192595687			-8.49512176169627	0.1
61.67	1614.6908992989743			-8.88075415479283	0.1
62.16	1612.4088283035285			-8.688444141610011	0.1
62.65	1609.0824082987017			-8.217736505135878	0.1
63.14	1605.7559882938751			-8.420659771115531	0.1
63.63	1602.4295682890483			-8.709998078394333	0.1
64.12	1599.5396348734487			-8.785575760077787	0.1
64.61	1597.8809326631863			-8.82698071947285	0.1
65.1	1596.244775196159			-8.874087966862295	0.1
65.58	1594.6420086978467			-8.843519063319004	0.1
66.07	1592.8291606397327			-8.895462587348968	0.1
66.55	1590.0148015168254			-9.283966298728338	0.1
67.04	1587.1418099121909			-9.147613329530472	0.1
67.52	1584.3274507892838			-9.106739014684367	0.1
68.01	1581.3550862338716			-8.697224378119872	0.1
68.5	1577.3231943486671			-8.766905500496572	0.1
68.98	1573.3008929236662			-9.200720026856793	0.1
69.47	1569.1947935523112			-8.773882649708204	0.1
69.95	1565.17249212731			-8.49928610018416	0.1
70.37	1563.5465539457975			-8.384851743164592	0.1
70.79	1562.176504354199			-8.547974499353467	0.1
71.2	1560.8390749909718			-8.50543582931609	0.1
71.61	1559.5016456277447			-8.454399352554155	0.1
72.02	1558.2994676266326			-8.32971059209471	0.1
72.44	1557.4500091671423			-8.384544808211624	0.1
72.85	1556.7237057644415			-8.169641666806337	0.1
73.26	1555.9974023617408			-8.440189650564154	0.1
73.68	1555.2533842419011			-8.331607889438878	0.1
74.09	1554.0030990115677			-8.385799270321096	0.1
74.5	1550.907398040787			-8.589058945503265	0.1
74.92	1547.7329412285487			-8.495837815025265	0.1
75.35	1544.4829021112573			-8.52946530101638	0.1
75.8	1541.0816983838592			-8.450462280255959	0.1
76.24	1536.4840145333621			-8.44614130021389	0.1
76.68	1530.8262786594048			-8.391013057029742	0.1
77.12	1525.1685427854477			-8.579163144194315	0.1
77.57	1519.3822220052643			-8.908584700868136	0.1
78.01	1513.9396212592717			-8.838836017509628	0.1
78.45	1512.7353268759643			-8.908533889873915	0.1
78.89	1511.6424214735414			-8.933210516116176	0.1
79.12	1511.071130013184			-8.903491655229871	0.1
79.34	1510.5246773119725			-8.818084755633466	0.1
79.56	1509.9782246107611			-8.751801388378599	0.1
79.78	1509.4317719095495			-8.720855225950345	0.1
80.0	1508.7363458670359			-8.610820127999833	0.1
80.26	1507.1002084022289			-8.599611142252199	0.1
80.52	1505.3150975961196			-8.64270635392396	0.1
80.77	1503.5986448979374			-8.563015271992253	0.1
81.03	1501.8135340918282			-8.530648853288492	0.1
81.29	1500.0284232857189			-8.866382230316184	0.1
81.55	1498.2433124796096			-8.896165467930205	0.1
81.8	1496.5268597814277			-8.73301695280236	0.1
82.06	1495.2084348942444			-9.085315234316216	0.1
82.32	1494.699377870135			-8.895470518484606	0.1
82.58	1494.3302430710282			-8.767285208106882	0.1
82.84	1493.9611082719214			-8.848622824272278	0.1
83.09	1493.6061709650878			-8.88506746254741	0.1
83.35	1493.237036165981			-8.726152745410536	0.1
83.61	1492.8094790539978			-8.79187970840554	0.1
83.87	1492.2770896608306			-8.701007267452988	0.1
84.12	1485.2279484489966			-8.793374806503566	0.1
84.38	1469.874405224026			-9.155741820161095	0.1
84.64	1454.5208619990547			-8.895267039310744	0.1
84.9	1439.1673187740842			-8.934938418368434	0.1
85.15	1424.404296442381			-9.004538973071694	0.1
85.39	1410.2317950039474			-8.990856393709318	0.1
85.63	1396.059293565513			-8.575777016790527	0.1
85.87	1381.8867921270783			-8.721500325760639	0.1
86.12	1371.8599907795626			-8.280108000235797	0.1
86.36	1367.1599313095016			-8.388403370045665	0.1
86.6	1362.459871839441			-8.604017964898606	0.1
86.84	1357.7598123693797			-8.773685757769153	0.1
87.09	1352.8639170880665			-8.712759787397365	0.1
87.33	1348.1638576180055			-8.977864521274764	0.1
87.57	1343.463798147945			-8.954560292111207	0.1
87.82	1338.5679028666314			-8.878730452656793	0.1
88.06	1334.9570756693256			-8.794786239437078	0.1
88.3	1334.6139452902855			-8.605822437657759	0.1
88.54	1334.2708149112455			-8.589535507104578	0.1
88.79	1333.9133874330787			-8.762803372526578	0.1
89.03	1333.5702570540386			-8.475425208870856	0.1
89.27	1333.2271266749985			-8.576157738535548	0.1
89.51	1332.8676240268214			-8.410744085252414	0.1
89.76	1332.4597507554115			-8.47262782149359	0.1
90.0	1332.068192414858			-8.37680917575794	0.1
90.25	1331.0862542977932			-8.511008487716149	0.1
90.49	1330.0329575224732			-8.544723823362784	0.1
90.74	1328.935773381515			-8.516857598595868	0.1
90.98	1327.8824766061948			-8.54779755920482	0.1
91.23	1326.7852924652366			-8.846115581748638	0.1
91.47	1325.7319956899166			-8.773284534349168	0.1
91.72	1324.6348115489582			-8.80692369890318	0.1
91.96	1323.4053727084172			-8.716527793204396	0.1
92.21	1319.9966104992993			-8.829264038318577	0.1
92.45	1316.1002050001155			-8.81793569990261	0.1
92.7	1312.0414492717991			-8.944933597183114	0.1
92.94	1308.1450437726155			-8.888891041496468	0.1
93.19	1304.0862880442994			-8.627069273203398	0.1
93.43	1300.1898825451156			-8.631591515259974	0.1
93.68	1296.1311268167992			-8.47186524349016	0.1
93.92	1292.2347213176156			-8.518726907512788	0.1
94.17	1290.1386594168605			-8.586270154169076	0.1
94.41	1288.9979255351748			-8.661477530938752	0.1
94.66	1287.8162219075043			-8.467974152997558	0.1
94.9	1286.6817864249406			-8.737722037418928	0.1
95.14	1285.5473509423769			-8.616216502106633	0.1
95.38	1284.4129154598133			-8.516475016662099	0.1
95.63	1283.2312118321427			-8.741007023952582	0.1
95.87	1282.096776349579			-8.847737571560211	0.1
96.11	1280.8358563496747			-8.832408238692215	0.1
96.35	1279.4254546474588			-8.792840337330045	0.1
96.59	1278.0150529452428			-8.484310867282664	0.1
96.83	1276.604651243027			-8.50551208475454	0.1
97.07	1275.1942495408111			-8.589915142209499	0.1
97.31	1273.7838478385952			-8.332336594030346	0.1
97.55	1272.3734461363795			-8.56956623870619	0.1
97.79	1270.9630444341635			-8.68736439077319	0.1
