depth	true_age	age	sigma_age	ref	sigma_ref
0.0	1999.0				
420.0	-1202.9079850039948	-1198.0	6.0		
850.0	-5219.336960192017	-5284.0	35.0		
980.0	-5731.1328630229345			3.711775948808605	4.04
975.0	-5712.601504807243			1.6508799551107438	4.53
970.0	-5694.070146591552			-5.707392400671123	4.82
965.0	-5675.53878837586			4.51979308129577	3.97
960.0	-5657.007430160169			3.4333167052890463	4.86
955.0	-5617.9570214079795			0.06002781684232872	4.13
950.0	-5578.90661265579			5.254710347511988	4.13
945.0	-5539.8562039036			3.901614411402199	3.72
940.0	-5500.80579515141			2.7665253685518003	3.63
935.0	-5486.6057665451			1.3909122230410529	3.7
930.0	-5472.4057379387905			3.0078282766982207	3.89
925.0	-5458.20570933248			-2.176909970616718	4.03
920.0	-5444.00568072617			0.22573114451004794	4.12
915.0	-5434.945099864882			-1.0389395980232052	4.22
910.0	-5425.884519003594			3.695932664025893	4.36
905.0	-5416.8239381423045			1.3638830690049062	4.45
900.0	-5407.763357281016			-0.06510705067246914	4.28
895.0	-5393.627902922269			-1.9109823876613317	4.09
890.0	-5379.492448563522			0.110393944687734	3.97
885.0	-5365.356994204774			1.1647211370814234	4.08
880.0	-5351.221539846027			-0.6035531751911043	6.64
875.0	-5325.981627322391			9.5151794591237	6.3
870.0	-5300.741714798756			6.792258118373935	6.05
865.0	-5275.501802275121			-15.526683470335891	5.84
860.0	-5250.261889751486			-10.503429717595312	6.02
855.0	-5234.799424971751			0.3221516498975455	5.27
850.0	-5219.336960192017			-1.3197379341081379	5.73
845.0	-5203.874495412282			2.0503760163182965	5.14
840.0	-5188.412030632548			1.5168377726093003	4.14
835.0	-5176.322676083495			9.496258210905967	4.32
830.0	-5164.233321534442			-4.2096338194933605	3.86
825.0	-5152.143966985391			-1.863765998920168	4.11
820.0	-5140.054612436338			6.773994245208701	3.68
815.0	-5114.919205684819			1.1124630544468919	3.68
810.0	-5089.7837989333			1.6111539405259958	3.77
805.0	-5064.648392181782			-2.321353413303549	3.73
800.0	-5039.512985430262			-6.848687895304438	3.65
795.0	-4987.783557785495			-2.7722771410252216	3.65
790.0	-4936.054130140728			-4.74212423691825	3.65
785.0	-4884.324702495961			-8.501284941554216	3.58
780.0	-4832.595274851194			-7.522819698583653	3.54
775.0	-4767.645683729175			-5.153090162140075	3.52
770.0	-4702.696092607158			-8.557339027566368	3.52
765.0	-4637.7465014851405			-4.89507320847395	3.54
760.0	-4572.796910363122			-4.571640580645132	3.55
755.0	-4544.199679560697			-5.012425682141489	3.54
750.0	-4515.602448758273			-6.60406536656671	3.58
745.0	-4487.005217955848			-3.1100119090817224	3.53
740.0	-4458.407987153423			-1.8813621274627592	4.1
735.0	-4270.266058140146			-4.289181538345472	4.46
730.0	-4082.124129126869			-14.678973402604061	3.94
725.0	-3893.9822001135917			-5.738124791807482	3.68
720.0	-3705.8402711003146			-11.010968572181666	4.62
715.0	-3687.113206955434			-4.019533036951167	5.85
710.0	-3668.386142810554			-14.75000254947889	5.19
705.0	-3649.6590786656734			-5.016182831733688	3.91
700.0	-3630.932014520793			-7.898587401767534	3.39
695.0	-3607.510631651417			-12.958122842827406	4.91
690.0	-3584.089248782041			-8.206785191878586	5.78
685.0	-3560.667865912665			-6.079745890130174	5.02
680.0	-3537.246483043289			-5.170388813802923	4.22
675.0	-3509.416762685548			-12.355304806795658	5.48
670.0	-3481.587042327807			-13.777763603473325	5.42
665.0	-3453.757321970066			-7.1057243938641745	4.08
660.0	-3425.927601612325			-10.186761217373014	3.73
655.0	-3412.4461506396146			-8.299061031209819	3.82
650.0	-3398.964699666904			-6.289742313922969	4.63
645.0	-3385.483248694193			-17.826606430607928	5.01
640.0	-3372.001797721483			-8.235057889536025	3.75
635.0	-3304.6156848434252			-3.154162804546795	3.63
630.0	-3237.2295719653675			-6.4929955954647784	3.88
625.0	-3169.84345908731			-9.87537228169385	4.69
620.0	-3102.457346209252			-2.7224131879487676	4.34
615.0	-3067.826976956099			-4.274805744156554	4.76
610.0	-3033.1966077029456			-0.49409246447030775	5.47
605.0	-2998.5662384497923			-6.48253996444844	4.95
600.0	-2963.935869196639			-11.579889108774626	4.81
595.0	-2941.28308110587			-4.741160408327584	4.04
590.0	-2918.630293015102			-6.254053261267477	3.5
585.0	-2895.9775049243335			-2.1055922364313706	4.0
580.0	-2873.3247168335647			-4.1933581565627005	4.55
575.0	-2861.4064572480574			-10.59745218759501	3.48
570.0	-2849.4881976625497			-8.803613146468553	3.44
565.0	-2837.569938077042			-1.3312939183740666	3.44
560.0	-2825.6516784915348			-1.2448568559163564	4.03
555.0	-2810.552288890679			-5.813725221256309	3.38
550.0	-2795.4528992898236			-3.1816921776166707	3.32
545.0	-2780.353509688968			-1.138352453626445	3.31
540.0	-2765.2541200881124			-0.3954368045202896	3.37
535.0	-2660.1298109022164			3.1322602353367857	3.72
530.0	-2555.00550171632			1.584810541260663	3.34
525.0	-2449.8811925304235			-3.6593675812749344	3.62
520.0	-2344.7568833445275			-4.22847973690763	3.39
515.0	-2298.813391033167			0.3338247845175375	3.53
510.0	-2252.869898721807			-11.425946705087359	3.53
505.0	-2206.9264064104473			-4.453127117714387	3.45
500.0	-2160.982914099087			-4.54399905070561	3.44
495.0	-2107.106193061891			-10.60852532249524	3.42
490.0	-2053.2294720246955			-5.437169243874926	3.43
485.0	-1999.3527509874993			-8.79932927601892	3.42
480.0	-1945.4760299503037			-4.211086753007216	3.42
475.0	-1859.4596545362542			-9.397009880629682	3.38
470.0	-1773.4432791222046			-9.12982146487539	3.48
465.0	-1687.426903708155			-7.663105201642158	3.55
460.0	-1601.4105282941055			-11.940608100904484	3.59
455.0	-1594.124774089886			-16.508840712168926	3.59
450.0	-1586.8390198856664			-18.870031482760275	3.58
445.0	-1579.5532656814469			-7.194944317170929	3.6
440.0	-1572.2675114772273			-14.001022222049329	3.67
435.0	-1479.9276298589193			-14.027241312074327	3.68
430.0	-1387.587748240611			-10.934057656728212	3.65
425.0	-1295.2478666223028			-10.753581828222925	3.68
420.0	-1202.9079850039948			-5.551977511802936	3.7
415.0	-1163.866864613638			-10.094597880716124	3.69
410.0	-1124.8257442232814			-11.401309571108344	3.69
405.0	-1085.7846238329248			-13.464065419566833	3.57
400.0	-1046.743503442568			-7.263364902965089	3.58
395.0	-1036.1134307072057			-11.727537478544026	3.42
390.0	-1025.4833579718434			-5.22798161652673	3.47
385.0	-1014.853285236481			-1.2399024816222086	3.81
380.0	-1004.2232125011187			-13.94106939592972	4.84
375.0	-999.2259948215615			-20.03766681059092	5.58
370.0	-994.2287771420042			-3.003757858685568	4.89
365.0	-989.231559462447			5.65607236395549	4.51
360.0	-984.2343417828897			-10.695778379636804	4.98
355.0	-958.3732845394643			-10.962162564426276	4.27
350.0	-932.5122272960389			-2.514859029285135	3.83
345.0	-906.6511700526135			-7.974163090208821	4.86
340.0	-880.790112809188			-4.291867719194875	3.62
335.0	-862.8801701630936			-2.9065182944320918	3.34
330.0	-844.9702275169991			1.9760918167908947	5.02
325.0	-827.0602848709046			-1.0851789783878119	4.13
320.0	-809.1503422248102			3.1259737750573735	4.16
315.0	-801.0798142704383			1.7472860745000882	4.44
310.0	-793.0092863160664			-0.14365461992755613	3.98
305.0	-784.9387583616946			2.8178747013696426	3.78
300.0	-776.8682304073227			1.2039073934856734	3.79
295.0	-731.7742551223453			8.154295425964506	4.72
290.0	-686.6802798373678			5.658715635145055	4.53
285.0	-641.5863045523904			6.6363948583476695	4.02
280.0	-596.492329267413			15.134361020035442	3.93
275.0	-567.6516561935985			8.53459588480716	4.31
270.0	-538.8109831197839			8.285526189196613	4.35
265.0	-509.9703100459694			9.730732878561552	3.59
260.0	-481.1296369721549			5.818479997716697	3.59
255.0	-352.9300931458903			2.3037401840782077	3.58
250.0	-224.73054931962565			-0.36114098042004894	3.61
245.0	-96.53100549336102			-3.480376283880018	3.57
240.0	31.66853833290361			-6.8780735668321835	3.5
235.0	45.72260800015067			-0.14753115782601522	3.55
230.0	59.776677667397735			-5.488971344370036	3.72
225.0	73.8307473346448			-7.5363104434087385	3.97
220.0	87.88481700189186			-6.815512154890079	3.99
215.0	121.6591277712821			-3.8419189727501193	3.97
210.0	155.43343854067234			5.2533989667316945	3.94
205.0	189.20774931006258			-4.933733885934797	3.84
200.0	222.98206007945282			0.3981454397178862	3.68
195.0	241.01749588207417			-7.871540696393109	3.64
190.0	259.0529316846955			0.18719027830096754	3.61
185.0	277.0883674873169			3.7270229887229243	3.68
180.0	295.1238032899382			-0.41878050009784346	3.69
175.0	322.13243974892134			-1.9923349351043425	3.7
170.0	349.14107620790446			0.8107636775966435	4.28
165.0	376.1497126668876			2.6978560530127043	4.06
160.0	403.1583491258707			3.372246770093087	4.02
155.0	491.76793510882004			8.053106349005589	3.79
150.0	580.3775210917694			2.8166880313331433	4.09
145.0	668.9871070747188			-0.3852016195095691	3.87
140.0	757.5966930576681			-0.8643697474663626	3.77
135.0	802.506854595863			0.5248007766279326	3.87
130.0	847.417016134058			3.285361570997266	3.96
125.0	892.327177672253			2.7972472074872208	3.89
120.0	937.237339210448			3.037572697407039	3.83
115.0	974.7914401271148			-4.901520899997	3.93
110.0	1012.3455410437815			4.5889252876242494	4.02
105.0	1049.8996419604482			-1.792790816774215	4.05
100.0	1087.453742877115			-4.2964014086224624	3.62
95.0	1200.3502910422276			-0.6464992423226046	3.62
90.0	1313.2468392073404			-1.9960457764397947	4.42
85.0	1426.1433873724532			-5.818207431481753	4.52
80.0	1539.0399355375657			-8.352799328177332	3.93
75.0	1574.6556427664118			-10.950778774879172	3.32
70.0	1610.2713499952579			2.2873916582733766	3.34
65.0	1645.8870572241042			-2.3282909802621727	5.68
60.0	1681.5027644529503			-14.28328866583641	5.76
55.0	1709.9918682347702			-11.737018978488877	6.1
50.0	1738.4809720165902			-5.952929751130575	6.44
45.0	1766.97007579841			-15.871044973056385	6.55
40.0	1795.45917958023			-3.5534480608977894	6.58
35.0	1826.6729092936323			-7.959910268720315	6.75
30.0	1857.8866390070348			3.4991232560838723	6.59
25.0	1889.100368720437			1.2346397482599123	6.38
20.0	1920.3140984338393			-23.079804998295366	6.43
15.0	1939.9855738253796			-5.1664670538260635	6.54
