depth	true_age	age	sigma_age	ref	sigma_ref
0.0	1999.0				
420.0	-1202.9079850039948	-1198.0	6.0		
850.0	-5219.336960192017	-5284.0	35.0		
980.0	-5731.1328630229345			55.743069690182836	2.73
975.0	-5712.601504807243			53.82347249466745	3.03
970.0	-5694.070146591552			48.29029316805878	3.23
965.0	-5675.53878837586			54.93236244688925	2.61
960.0	-5657.007430160169			53.752329286804816	3.09
955.0	-5617.9570214079795			51.10423971318198	2.61
950.0	-5578.90661265579			54.956905687273334	2.55
945.0	-5539.8562039036			55.28140557850558	2.3
940.0	-5500.80579515141			56.133647267418915	2.3
935.0	-5486.6057665451			56.05874625976743	2.3
930.0	-5472.4057379387905			57.73705051722855	2.3
925.0	-5458.20570933248			55.041127053233765	2.3
920.0	-5444.00568072617			56.46058040154224	2.31
915.0	-5434.945099864882			55.810564781916995	2.3
910.0	-5425.884519003594			58.31630696009198	2.3
905.0	-5416.8239381423045			56.93400872349243	2.3
900.0	-5407.763357281016			56.21058721839972	2.3
895.0	-5393.627902922269			55.28970360443431	2.3
890.0	-5379.492448563522			56.566980500886025	2.3
885.0	-5365.356994204774			57.28237210212058	2.3
880.0	-5351.221539846027			56.47550991818066	3.55
875.0	-5325.981627322391			62.25511026788972	3.55
870.0	-5300.741714798756			61.88494444218408	3.55
865.0	-5275.501802275121			49.25834796781911	3.55
860.0	-5250.261889751486			52.151438367842005	3.55
855.0	-5234.799424971751			58.02675078538006	3.09
850.0	-5219.336960192017			57.15480981902362	3.36
845.0	-5203.874495412282			59.17872286958743	3.03
840.0	-5188.412030632548			59.30104177472624	2.49
835.0	-5176.322676083495			64.45265506593178	2.61
830.0	-5164.233321534442			56.31467740009151	2.37
825.0	-5152.143966985391			57.93682706675311	2.55
820.0	-5140.054612436338			63.50869909521614	2.3
815.0	-5114.919205684819			59.89485133105798	2.3
810.0	-5089.7837989333			59.646992126597816	2.3
805.0	-5064.648392181782			56.26537891384596	2.3
800.0	-5039.512985430262			53.60570313914045	2.3
795.0	-4987.783557785495			58.80033333385735	2.3
790.0	-4936.054130140728			59.57324523072301	2.3
785.0	-4884.324702495961			56.53336319270921	2.3
780.0	-4832.595274851194			58.25740759820677	2.3
775.0	-4767.645683729175			60.19185889494008	2.3
770.0	-4702.696092607158			58.31841424828148	2.3
765.0	-4637.7465014851405			60.29228854869252	2.3
760.0	-4572.796910363122			62.07242694766483	2.3
755.0	-4544.199679560697			62.067247704349015	2.3
750.0	-4515.602448758273			60.70573408339362	2.3
745.0	-4487.005217955848			63.33155794963722	2.3
740.0	-4458.407987153423			64.46870022126038	2.67
735.0	-4270.266058140146			63.932604333728115	2.91
730.0	-4082.124129126869			61.32740517254118	2.61
725.0	-3893.9822001135917			63.42550952732872	2.42
720.0	-3705.8402711003146			58.27583456404599	2.97
715.0	-3687.113206955434			63.12229221270088	3.68
710.0	-3668.386142810554			56.26826956458677	3.36
705.0	-3649.6590786656734			61.82960005214527	2.61
700.0	-3630.932014520793			59.00201479569325	2.3
695.0	-3607.510631651417			54.598668664036836	3.23
690.0	-3584.089248782041			57.25537296997216	3.74
685.0	-3560.667865912665			57.81554379882374	3.17
680.0	-3537.246483043289			57.7140075396808	2.61
675.0	-3509.416762685548			53.50226927191296	3.29
670.0	-3481.587042327807			52.81139450551529	3.29
665.0	-3453.757321970066			56.377990759532764	2.55
660.0	-3425.927601612325			54.04920077659692	2.3
655.0	-3412.4461506396146			55.211385878086794	2.3
650.0	-3398.964699666904			56.23879388037736	2.73
645.0	-3385.483248694193			48.643082231457676	2.97
640.0	-3372.001797721483			53.817644473006936	2.31
635.0	-3304.6156848434252			54.56230761314013	2.3
630.0	-3237.2295719653675			52.25283717679662	2.42
625.0	-3169.84345908731			50.14423919229679	2.85
620.0	-3102.457346209252			55.28962914326761	2.61
615.0	-3067.826976956099			54.1040484312974	2.91
610.0	-3033.1966077029456			56.24549296368282	3.42
605.0	-2998.5662384497923			51.54317446338719	3.09
600.0	-2963.935869196639			47.78849510985679	3.09
595.0	-2941.28308110587			51.81855433932683	2.67
590.0	-2918.630293015102			51.16844378299866	2.3
585.0	-2895.9775049243335			54.38114323144832	2.55
580.0	-2873.3247168335647			53.03151654210602	2.91
575.0	-2861.4064572480574			48.68833070962401	2.3
570.0	-2849.4881976625497			49.460329857326386	2.3
565.0	-2837.569938077042			54.045414164921105	2.3
560.0	-2825.6516784915348			53.73995098722658	2.73
555.0	-2810.552288890679			50.50438095807935	2.31
550.0	-2795.4528992898236			51.94913486860543	2.3
545.0	-2780.353509688968			53.05740513492936	2.3
540.0	-2765.2541200881124			53.12156323629702	2.3
535.0	-2660.1298109022164			54.485807032798235	2.55
530.0	-2555.00550171632			56.11278490141791	2.3
525.0	-2449.8811925304235			57.07437239282953	2.49
520.0	-2344.7568833445275			59.51781963669133	2.3
515.0	-2298.813391033167			63.8436343577953	2.3
510.0	-2252.869898721807			56.62003516731936	2.3
505.0	-2206.9264064104473			61.2564607202377	2.3
500.0	-2160.982914099087			62.37753951105353	2.3
495.0	-2107.106193061891			59.13206023162722	2.3
490.0	-2053.2294720246955			62.798420719180626	2.3
485.0	-1999.3527509874993			59.72117017730519	2.3
480.0	-1945.4760299503037			63.42080968002916	2.3
475.0	-1859.4596545362542			60.175468188272404	2.3
470.0	-1773.4432791222046			59.330670176948324	2.3
465.0	-1687.426903708155			58.84150983256333	2.3
460.0	-1601.4105282941055			57.87436455447023	2.3
455.0	-1594.124774089886			55.09209453286905	2.3
450.0	-1586.8390198856664			53.71532086868	2.3
445.0	-1579.5532656814469			61.3410377507474	2.3
440.0	-1572.2675114772273			57.13974787103613	2.3
435.0	-1479.9276298589193			58.441109873968074	2.3
430.0	-1387.587748240611			60.178958519111504	2.3
425.0	-1295.2478666223028			59.97054874082155	2.3
420.0	-1202.9079850039948			62.32022874770609	2.3
415.0	-1163.866864613638			59.05577448724175	2.3
410.0	-1124.8257442232814			57.31486571882612	2.3
405.0	-1085.7846238329248			53.62712858560456	2.3
400.0	-1046.743503442568			54.850355879504264	2.37
395.0	-1036.1134307072057			50.912076613335735	2.3
390.0	-1025.4833579718434			54.66205812007167	2.37
385.0	-1014.853285236481			57.08065062701239	2.61
380.0	-1004.2232125011187			48.00305491198685	3.36
375.0	-999.2259948215615			43.56567461342752	3.88
370.0	-994.2287771420042			55.32867907365899	3.48
365.0	-989.231559462447			61.4387099440105	3.23
360.0	-984.2343417828897			49.7514512528011	3.42
355.0	-958.3732845394643			48.482444234977464	2.91
350.0	-932.5122272960389			51.97866641702959	2.73
345.0	-906.6511700526135			47.16360122587175	3.55
340.0	-880.790112809188			48.34069967050183	2.61
335.0	-862.8801701630936			48.59476778467019	2.3
330.0	-844.9702275169991			51.83425099215898	3.42
325.0	-827.0602848709046			49.361597444935235	2.85
320.0	-809.1503422248102			51.7528645838561	2.85
315.0	-801.0798142704383			50.485490073915315	2.91
310.0	-793.0092863160664			49.16862662599719	2.42
305.0	-784.9387583616946			50.680543064531285	2.3
300.0	-776.8682304073227			49.55496389502277	2.3
295.0	-731.7742551223453			51.70572532082129	2.79
290.0	-686.6802798373678			49.61301487434793	2.61
285.0	-641.5863045523904			53.18123315471556	2.3
280.0	-596.492329267413			60.77333182488261	2.3
275.0	-567.6516561935985			57.850492497390256	2.61
270.0	-538.8109831197839			57.692414521101966	2.73
265.0	-509.9703100459694			58.75344469594843	2.3
260.0	-481.1296369721549			56.63009373720435	2.3
255.0	-352.9300931458903			58.81699781648722	2.3
250.0	-224.73054931962565			59.44776428854189	2.3
245.0	-96.53100549336102			54.45092067887001	2.3
240.0	31.66853833290361			50.284963281030294	2.3
235.0	45.72260800015067			55.13880448434233	2.3
230.0	59.776677667397735			51.94688301877219	2.3
225.0	73.8307473346448			50.948341403615956	2.3
220.0	87.88481700189186			51.36785595353602	2.3
215.0	121.6591277712821			51.93551791918481	2.3
210.0	155.43343854067234			56.37989279498717	2.3
205.0	189.20774931006258			50.617422404883456	2.3
200.0	222.98206007945282			54.167943009658686	2.3
195.0	241.01749588207417			49.03919643109449	2.3
190.0	259.0529316846955			54.17166071218952	2.3
185.0	277.0883674873169			56.47159337496652	2.3
180.0	295.1238032899382			54.28321505345705	2.3
175.0	322.13243974892134			53.91820539180429	2.3
170.0	349.14107620790446			56.43664897968924	2.67
165.0	376.1497126668876			58.69062116211297	2.55
160.0	403.1583491258707			59.44610514151378	2.55
155.0	491.76793510882004			62.783282060445906	2.37
150.0	580.3775210917694			60.24539722319166	2.55
145.0	668.9871070747188			56.79318145746477	2.37
140.0	757.5966930576681			56.187104913334906	2.3
135.0	802.506854595863			57.46552752890896	2.3
130.0	847.417016134058			59.47602348215547	2.3
125.0	892.327177672253			59.640300141211036	2.3
120.0	937.237339210448			59.59523077724372	2.3
115.0	974.7914401271148			55.27575070198351	2.3
110.0	1012.3455410437815			61.41363863246126	2.3
105.0	1049.8996419604482			58.33429707214931	2.49
100.0	1087.453742877115			57.394163095801765	2.3
95.0	1200.3502910422276			61.264814718547875	2.37
90.0	1313.2468392073404			59.6378694423623	2.97
85.0	1426.1433873724532			55.409460693560455	3.09
80.0	1539.0399355375657			52.11740796359995	2.73
75.0	1574.6556427664118			48.13746915678345	2.3
70.0	1610.2713499952579			56.36187840039186	2.31
65.0	1645.8870572241042			53.426097026215004	3.96
60.0	1681.5027644529503			45.04461295631718	3.96
55.0	1709.9918682347702			45.26175582816906	3.96
50.0	1738.4809720165902			47.91229935602953	3.96
45.0	1766.97007579841			40.70228214014995	3.96
40.0	1795.45917958023			46.85994521414124	3.96
35.0	1826.6729092936323			44.99353482525012	3.96
30.0	1857.8866390070348			52.908404025477324	3.96
25.0	1889.100368720437			52.83603947365616	3.96
20.0	1920.3140984338393			38.4292939957275	3.96
15.0	1939.9855738253796			49.46476716012803	3.96
