depth	true_age	age	sigma_age	ref	sigma_ref
0.0	2018.0				
6.0	1919.9315243640535	1921.0	2.0		
9.0	1903.2937963644742	1899.0	3.0		
29.0	1786.1741432116603	1784.0	5.0		
48.0	1652.6832311842795	1652.0	2.5		
65.0	1550.4733868456208	1544.0	7.0		
80.0	1455.9573180929208	1454.0	2.5		
113.0	1073.9924726681575	1075.0	2.5		
113.0	1073.9924726681575			-9.371851077564063	0.08
112.0	1079.15201397927			-8.860270437544889	0.08
111.5	1081.1253551769755			-9.119518520169043	0.08
111.0	1083.0986963746811			-9.16052069968609	0.08
110.5	1085.0720375723868			-8.979537063790996	0.08
110.0	1086.3531831002808			-8.917846993131539	0.08
109.5	1087.4612797107218			-9.015072777041677	0.08
109.0	1088.5693763211627			-8.841633664963068	0.08
108.5	1089.6774729316037			-9.059123559256935	0.08
108.0	1091.3092225348585			-8.923101836653622	0.08
107.5	1095.0355841093678			-8.7012410471502	0.08
107.0	1098.7619456838775			-8.59020983554543	0.08
106.0	1106.2146688328965			-9.1872174692072	0.08
105.5	1108.8679135980929			-9.15319583891736	0.08
105.0	1110.8057471570803			-9.255162189429585	0.08
104.5	1112.7435807160678			-9.046794681111132	0.08
104.0	1114.6814142750552			-9.147589578727334	0.08
103.5	1116.6192478340427			-9.218735764991404	0.08
103.0	1117.7168216813718			-9.408443438112542	0.08
102.5	1118.8143955287007			-9.26771358191713	0.08
102.0	1119.91196937603			-9.2758032153576	0.08
101.5	1121.009543223359			-9.156041554867464	0.08
101.0	1122.5362507829122			-9.315192809253428	0.08
100.5	1124.7066589108013			-9.401965354042433	0.08
100.0	1126.8770670386903			-9.37487570334821	0.08
99.5	1129.0474751665795			-9.459690390293423	0.08
99.0	1131.2178832944685			-9.506346150699551	0.08
98.5	1140.3817098939803			-9.19631579501543	0.08
98.0	1151.2938911113977			-9.342072656077123	0.08
97.5	1162.2060723288153			-9.600004483349055	0.08
97.0	1173.1182535462328			-9.33278989433997	0.08
96.5	1183.6090267555562			-9.133954153527911	0.08
96.0	1192.4141679325026			-9.36349527741248	0.08
95.5	1201.2193091094491			-9.278823198664046	0.08
95.0	1210.0244502863954			-9.026620518678452	0.08
94.5	1218.829591463342			-8.95181989743337	0.08
94.0	1222.9962012646133			-8.964678983285571	0.08
93.5	1224.0704568154345			-8.991132912105176	0.08
93.0	1225.1447123662556			-8.95858093423147	0.08
92.5	1226.218967917077			-9.123785624749843	0.08
92.0	1227.293223467898			-9.03209906967609	0.08
91.5	1231.1966421224665			-9.294211394933765	0.08
91.0	1235.1000607770347			-9.513337158322381	0.08
90.5	1239.0034794316032			-9.545962806984631	0.08
90.0	1242.9068980861716			-9.393712858829558	0.08
89.5	1246.643342313859			-9.795655476044884	0.08
89.0	1250.129324901225			-9.80242798230283	0.08
88.5	1253.6153074885906			-9.602016406982587	0.08
88.0	1257.1012900759565			-9.740240038601767	0.08
87.5	1260.5872726633222			-9.37961821131806	0.08
87.0	1264.126004841817			-8.983069035247807	0.08
86.5	1267.6779244180939			-9.380916207021103	0.08
86.0	1271.2298439943709			-9.306548314721493	0.08
85.5	1274.7817635706479			-9.240164722057619	0.08
85.0	1279.223835043629			-9.177835677898507	0.08
84.5	1287.2265141034263			-9.063242011958758	0.08
84.0	1295.2291931632237			-9.329637851091038	0.08
83.5	1303.2318722230211			-9.57051974877984	0.08
83.0	1311.2345512828185			-9.377663125760227	0.08
82.5	1332.2298447017947			-9.414520732249999	0.08
82.0	1361.8868810268905			-9.12089075669907	0.08
81.5	1391.543917351986			-9.119123796300304	0.08
81.0	1421.2009536770818			-9.474155919193825	0.08
80.5	1450.8579900021773			-9.428439771164568	0.08
80.0	1455.9573180929208			-9.570234298128955	0.08
79.5	1461.0566461836645			-9.4033232751087	0.08
79.0	1466.155974274408			-9.434229393055663	0.08
78.5	1471.2553023651517			-9.55978228062682	0.08
78.0	1475.9480859833568			-9.576220056093495	0.08
77.5	1480.0310528927546			-9.210598193233793	0.08
77.0	1484.1140198021521			-9.53319564854995	0.08
76.5	1488.1969867115497			-9.317348259404904	0.08
76.0	1492.2799536209475			-9.390868130474363	0.08
75.5	1494.7620700358198			-9.391208383854444	0.08
75.0	1496.8439738270606			-9.26729820519772	0.08
74.0	1501.0077814095423			-9.335314819107984	0.08
73.5	1503.0035178057192			-9.234451303023535	0.08
73.0	1504.6545846216404			-9.330238119108984	0.08
72.5	1506.3056514375614			-9.44955164224771	0.08
72.0	1507.9567182534827			-9.482199512734946	0.08
71.5	1509.6077850694037			-9.294115393791119	0.08
71.0	1511.9085780716916			-9.209670130933047	0.08
70.5	1514.6425218648908			-8.897027459532445	0.08
70.0	1517.37646565809			-8.646929664136984	0.08
69.5	1520.110409451289			-8.812152443440176	0.08
69.0	1522.844353244488			-9.048850784350876	0.08
68.5	1524.922122828605			-8.952601188187504	0.08
68.0	1526.9998924127224			-8.990551918446743	0.08
67.5	1529.0776619968394			-9.074182439809876	0.08
67.0	1531.1554315809565			-9.172739812636554	0.08
66.5	1534.5281278625084			-9.154373357627085	0.08
66.0	1539.8432141902124			-9.2847139061921	0.08
65.5	1545.1583005179166			-9.128395777314712	0.08
65.0	1550.4733868456208			-9.041947567855374	0.08
64.5	1555.7884731733247			-9.18593277938617	0.08
64.0	1559.2452204346296			-9.307288780007179	0.08
63.5	1562.2373829293347			-9.543634137810692	0.08
63.0	1565.2295454240395			-9.503629773316348	0.08
62.5	1568.2217079187444			-9.392280555280548	0.08
62.0	1571.0576481179478			-9.094737961579472	0.08
61.5	1573.2686991351447			-9.306147325554328	0.08
61.0	1575.4797501523417			-9.667551791071599	0.08
60.5	1577.6908011695386			-9.745228709684055	0.08
60.0	1579.9018521867356			-9.640706996492689	0.08
59.5	1582.5432065874581			-9.384580305942725	0.08
59.0	1585.4714299105312			-9.15081856631024	0.08
58.5	1588.3996532336043			-9.296921572131785	0.08
58.0	1591.3278765566774			-9.258009262051585	0.08
57.5	1594.2560998797505			-9.289661173597475	0.08
57.0	1596.3943639353877			-9.045824349280519	0.08
56.5	1598.532627991025			-8.863972362944887	0.08
56.0	1600.6708920466622			-9.001339552252688	0.08
55.5	1602.8091561022993			-9.330009530713214	0.08
55.0	1604.8826609116343			-9.372443690417903	0.08
54.5	1606.8590268515154			-9.374311134636553	0.08
54.0	1608.8353927913965			-9.353728730850861	0.08
53.5	1610.811758731278			-9.098308478597609	0.08
53.0	1612.788124671159			-9.161895958604898	0.08
52.5	1618.1383137505818			-9.278481370351818	0.08
52.0	1624.3319586148903			-9.092043874656257	0.08
51.5	1630.5256034791985			-9.173394080138001	0.08
51.0	1636.7192483435067			-9.659335320549971	0.08
50.5	1642.094371255481			-9.091642281737606	0.08
50.0	1644.195406358119			-8.883287376230019	0.08
49.5	1646.296441460757			-8.99556978297116	0.08
49.0	1648.3974765633952			-9.058597138860575	0.08
48.5	1650.4985116660332			-9.254366367291794	0.08
48.0	1652.6832311842795			-8.977237944562726	0.08
47.5	1654.9237403129312			-9.29869209429322	0.08
47.0	1657.1642494415828			-9.076470618856282	0.08
46.5	1659.4047585702344			-9.460650866386947	0.08
46.0	1661.645267698886			-9.32539972204596	0.08
45.5	1668.586224838905			-9.331808017419997	0.08
45.0	1675.5271819789243			-9.411797278890834	0.08
44.5	1682.4681391189433			-9.322439120455082	0.08
44.0	1689.4090962589626			-9.548806847429336	0.08
43.5	1694.2111229833124			-9.483199992690775	0.08
43.0	1695.8047540841585			-9.615478377804191	0.08
42.5	1697.3983851850046			-9.412606023729245	0.08
42.0	1698.9920162858507			-9.217730958856531	0.08
41.5	1700.5856473866968			-9.295651473069919	0.08
41.0	1701.445721112547			-9.382300604927096	0.08
40.5	1702.1224054946483			-9.326467807203858	0.08
40.0	1702.7990898767493			-9.5075327506627	0.08
39.5	1703.4757742588506			-9.337648508956223	0.08
39.0	1704.393480917488			-9.462419848623446	0.08
38.5	1706.2752766822705			-9.34318762714058	0.08
38.0	1708.1570724470528			-9.136785393347212	0.08
37.5	1710.0388682118353			-9.488670343135388	0.08
37.0	1711.9206639766176			-9.5428698346858	0.08
36.5	1714.6281117026508			-9.322697058454077	0.08
36.0	1717.8859940695177			-9.037315036683887	0.08
35.5	1721.1438764363847			-9.08293230859038	0.08
35.0	1724.4017588032516			-9.402605678032177	0.08
34.5	1727.6596411701187			-9.489357640852688	0.08
34.0	1730.2721946307688			-9.38157604208043	0.08
33.5	1732.884748091419			-9.366458439375908	0.08
33.0	1735.4973015520688			-9.485197401087527	0.08
32.5	1738.109855012719			-9.090824466649142	0.08
32.0	1741.840516133688			-9.460031136913688	0.08
31.5	1747.2483387451352			-9.215897626373074	0.08
31.0	1752.6561613565827			-9.478711056699376	0.08
30.5	1758.06398396803			-9.56989737821302	0.08
30.0	1763.4718065794775			-9.013208867685027	0.08
29.5	1774.1626031506084			-9.117484470932434	0.08
29.0	1786.1741432116603			-9.273879451522555	0.08
28.5	1798.1856832727121			-9.011503893022043	0.08
28.0	1810.197223333764			-9.03128023920465	0.08
27.5	1819.9540610476447			-9.678602320526073	0.08
27.0	1820.6920893728404			-9.602401845926302	0.08
26.5	1821.4301176980364			-9.782318970279036	0.08
26.0	1822.168146023232			-9.642881425322859	0.08
25.5	1822.906174348428			-9.670106856879714	0.08
25.0	1824.184145188398			-9.52791304910852	0.08
24.5	1825.822077704884			-9.312515919816084	0.08
24.0	1827.4600102213697			-9.330523997720464	0.08
23.5	1829.0979427378556			-9.286127394639418	0.08
23.0	1830.7358752543416			-9.140372456671017	0.08
22.5	1832.6211136329327			-9.211894411326902	0.08
22.0	1834.5063520115236			-9.218643532806889	0.08
21.5	1836.3915903901147			-9.297598577716816	0.08
21.0	1838.2768287687056			-9.290676617188746	0.08
20.5	1840.2078756727678			-9.265121813021768	0.08
20.0	1842.207635365037			-9.145395175953997	0.08
19.5	1844.207395057306			-9.148667439624285	0.08
19.0	1846.207154749575			-9.20142246840713	0.08
18.5	1848.2069144418442			-9.33614872568698	0.08
18.0	1850.067642399433			-9.270137411056929	0.08
17.5	1851.8936124233517			-9.397090924511213	0.08
17.0	1853.7195824472703			-9.472693276737065	0.08
16.5	1855.545552471189			-9.491962396433031	0.08
16.0	1857.2771927935753			-9.329028270151808	0.08
15.5	1858.6315143098316			-9.351524914762098	0.08
15.0	1859.9858358260879			-9.329701927105425	0.08
14.5	1861.3401573423441			-9.063726420304596	0.08
14.0	1862.6944788586002			-8.991127977955944	0.08
13.5	1865.4698322956904			-9.024402481054734	0.08
13.0	1869.1925403466696			-9.053076849945766	0.08
12.5	1872.9152483976488			-9.15544134050279	0.08
12.0	1876.6379564486283			-9.145899577407956	0.08
11.5	1880.3606644996075			-8.91021713920392	0.08
11.0	1885.225976134542			-9.220324661129364	0.08
10.5	1890.0912877694764			-9.032255429897003	0.08
10.0	1894.956599404411			-9.151997887594849	0.08
9.5	1899.8219110393454			-9.182905185189115	0.08
9.0	1903.2937963644742			-8.991000008724662	0.08
8.5	1904.675542224895			-8.94521218558833	0.08
8.0	1906.0572880853158			-8.71400165943508	0.08
7.5	1907.4390339457366			-8.737714545333738	0.08
7.0	1908.8207798061574			-8.810182108656141	0.08
6.5	1913.9124158163802			-8.650435021722323	0.08
6.0	1919.9315243640535			-8.97142160162846	0.08
5.5	1925.9506329117266			-9.027071757740837	0.08
5.0	1931.9697414594			-9.092141029825289	0.08
4.5	1937.2661132045691			-9.474566886236289	0.08
4.0	1939.671537739722			-9.554399831775653	0.08
3.5	1942.0769622748746			-9.398784402119714	0.08
3.0	1944.4823868100275			-9.45764449572778	0.08
2.5	1946.8878113451801			-9.112488333738801	0.08
2.0	1956.9999836167315			-9.107960406997627	0.08
1.5	1972.2499877125485			-9.18898106138496	0.08
1.0	1987.4999918083658			-9.293886310237056	0.08
0.5	2002.749995904183				0.08
0.1	2014.9499991808366				0.08
