depth	true_age	cal_c14_age	sigma_age	d18O	sigma_d18O
0.0	1978.02				
2.5	1970.41	1970.0	0.5		
2.5	1970.41	1969.0	1.5		
27.75	1836.23	1836.0	1.0		
35.25	1787.34	1787.0	1.0		
54.0	1660.91	1660.0	1.5		
72.5	1557.29	1559.0	2.0		
78.75	1512.17	1512.0	1.5		
96.75	1278.68	1278.0	2.5		
99.83920803165904	1267.0			-8.89	0.1
99.49296767724125	1268.0			-8.91	0.1
99.14672732282348	1269.0			-8.87	0.1
98.77237427692526	1270.0			-8.75	0.1
98.37734639126683	1271.0			-8.63	0.1
97.99216044390563	1272.0			-8.56	0.1
97.81701442966771	1273.0			-8.53	0.1
97.64186841542978	1274.0			-8.53	0.1
97.46672240119186	1275.0			-8.56	0.1
97.29157638695393	1276.0			-8.57	0.1
97.11643037271602	1277.0			-8.61	0.1
96.82983249046025	1278.0			-8.68	0.1
96.32223076328567	1279.0			-8.75	0.1
95.85592681852502	1280.0			-8.78	0.1
95.46141090178163	1281.0			-8.81	0.1
95.06689498503823	1282.0			-8.84	0.1
94.96195081501986	1283.0			-8.83	0.1
94.91613259145385	1284.0			-8.78	0.1
94.87031436788781	1285.0			-8.73	0.1
94.8244961443218	1286.0			-8.69	0.1
94.77867792075577	1287.0			-8.63	0.1
94.73285969718975	1288.0			-8.55	0.1
94.68704147362372	1289.0			-8.52	0.1
94.6412232500577	1290.0			-8.47	0.1
94.59540502649168	1291.0			-8.41	0.1
94.54958680292566	1292.0			-8.44	0.1
94.50376857935963	1293.0			-8.54	0.1
94.45795035579361	1294.0			-8.6	0.1
94.41213213222758	1295.0			-8.56	0.1
94.36631390866155	1296.0			-8.48	0.1
94.32049568509554	1297.0			-8.49	0.1
94.2746774615295	1298.0			-8.59	0.1
94.22885923796349	1299.0			-8.68	0.1
94.18304101439746	1300.0			-8.71	0.1
94.13722279083144	1301.0			-8.75	0.1
94.09140456726541	1302.0			-8.76	0.1
94.0455863436994	1303.0			-8.74	0.1
93.9996540326609	1304.0			-8.75	0.1
93.93129273368297	1305.0			-8.84	0.1
93.86293143470503	1306.0			-8.95	0.1
93.7945701357271	1307.0			-8.99	0.1
93.72620883674917	1308.0			-8.99	0.1
93.65784753777123	1309.0			-8.99	0.1
93.5894862387933	1310.0			-8.99	0.1
93.52112493981537	1311.0			-8.96	0.1
93.45276364083743	1312.0			-8.93	0.1
93.3844023418595	1313.0			-8.93	0.1
93.31604104288158	1314.0			-8.95	0.1
93.24767974390365	1315.0			-8.93	0.1
93.17931844492571	1316.0			-8.91	0.1
93.11095714594778	1317.0			-8.92	0.1
93.04259584696985	1318.0			-8.9	0.1
92.96089407943647	1319.0			-8.82	0.1
92.85713764129552	1320.0			-8.78	0.1
92.75338120315458	1321.0			-8.78	0.1
92.64962476501363	1322.0			-8.79	0.1
92.54586832687268	1323.0			-8.79	0.1
92.44211188873173	1324.0			-8.76	0.1
92.33835545059078	1325.0			-8.74	0.1
92.23459901244982	1326.0			-8.74	0.1
92.13084257430887	1327.0			-8.71	0.1
92.02708613616792	1328.0			-8.67	0.1
91.98394577840307	1329.0			-8.61	0.1
91.96221991053561	1330.0			-8.55	0.1
91.94049404266815	1331.0			-8.52	0.1
91.9187681748007	1332.0			-8.5	0.1
91.89704230693324	1333.0			-8.54	0.1
91.87531643906578	1334.0			-8.61	0.1
91.85359057119834	1335.0			-8.62	0.1
91.83186470333088	1336.0			-8.58	0.1
91.81013883546342	1337.0			-8.61	0.1
91.78841296759597	1338.0			-8.75	0.1
91.76668709972851	1339.0			-8.88	0.1
91.74496123186105	1340.0			-8.91	0.1
91.72323536399361	1341.0			-8.9	0.1
91.70150949612615	1342.0			-8.89	0.1
91.6797836282587	1343.0			-8.89	0.1
91.65805776039124	1344.0			-8.89	0.1
91.63633189252378	1345.0			-8.9	0.1
91.61460602465634	1346.0			-8.93	0.1
91.59288015678888	1347.0			-8.91	0.1
91.57115428892142	1348.0			-8.85	0.1
91.54942842105397	1349.0			-8.8	0.1
91.52770255318651	1350.0			-8.77	0.1
91.50597668531906	1351.0			-8.74	0.1
91.48425081745161	1352.0			-8.69	0.1
91.46252494958415	1353.0			-8.66	0.1
91.44079908171669	1354.0			-8.66	0.1
91.41907321384925	1355.0			-8.65	0.1
91.39734734598179	1356.0			-8.67	0.1
91.37562147811433	1357.0			-8.71	0.1
91.35389561024688	1358.0			-8.7	0.1
91.33216974237942	1359.0			-8.67	0.1
91.31044387451198	1360.0			-8.66	0.1
91.28871800664452	1361.0			-8.6	0.1
91.26699213877706	1362.0			-8.5	0.1
91.24526627090961	1363.0			-8.47	0.1
91.22354040304215	1364.0			-8.48	0.1
91.20181453517469	1365.0			-8.47	0.1
91.18008866730725	1366.0			-8.44	0.1
91.15836279943979	1367.0			-8.37	0.1
91.13663693157233	1368.0			-8.31	0.1
91.11491106370488	1369.0			-8.3	0.1
91.09318519583742	1370.0			-8.34	0.1
91.07145932796996	1371.0			-8.32	0.1
91.04973346010252	1372.0			-8.28	0.1
91.02800759223506	1373.0			-8.3	0.1
91.0062817243676	1374.0			-8.34	0.1
90.95957684709946	1375.0			-8.33	0.1
90.90271205050446	1376.0			-8.3	0.1
90.84584725390947	1377.0			-8.3	0.1
90.78898245731448	1378.0			-8.31	0.1
90.73211766071947	1379.0			-8.36	0.1
90.67525286412447	1380.0			-8.48	0.1
90.61838806752948	1381.0			-8.6	0.1
90.56152327093449	1382.0			-8.72	0.1
90.50465847433948	1383.0			-8.8	0.1
90.44779367774449	1384.0			-8.85	0.1
90.39092888114949	1385.0			-8.88	0.1
90.33406408455448	1386.0			-8.92	0.1
90.27719928795949	1387.0			-8.97	0.1
90.2203344913645	1388.0			-9.01	0.1
90.1634696947695	1389.0			-9.04	0.1
90.1066048981745	1390.0			-9.05	0.1
90.0497401015795	1391.0			-9.01	0.1
89.98058696416513	1392.0			-8.96	0.1
89.82564442534198	1393.0			-8.9	0.1
89.67070188651881	1394.0			-8.84	0.1
89.51575934769565	1395.0			-8.81	0.1
89.3608168088725	1396.0			-8.82	0.1
89.20587427004934	1397.0			-8.82	0.1
89.05093173122617	1398.0			-8.8	0.1
88.903747243832	1399.0			-8.76	0.1
88.76036169809929	1400.0			-8.7	0.1
88.61697615236656	1401.0			-8.64	0.1
88.47359060663383	1402.0			-8.62	0.1
88.33020506090111	1403.0			-8.6	0.1
88.18681951516838	1404.0			-8.58	0.1
88.04343396943565	1405.0			-8.6	0.1
87.72497450368637	1406.0			-8.62	0.1
87.33043664505232	1407.0			-8.65	0.1
86.98386239320176	1408.0			-8.72	0.1
86.88453671005323	1409.0			-8.82	0.1
86.78521102690469	1410.0			-8.89	0.1
86.68588534375617	1411.0			-8.95	0.1
86.58655966060763	1412.0			-8.95	0.1
86.4872339774591	1413.0			-8.88	0.1
86.38790829431058	1414.0			-8.79	0.1
86.28858261116204	1415.0			-8.75	0.1
86.1892569280135	1416.0			-8.76	0.1
86.08993124486499	1417.0			-8.73	0.1
85.91038065174813	1418.0			-8.63	0.1
84.99728955651715	1419.0			-8.53	0.1
84.92815534270197	1420.0			-8.5	0.1
84.8590211288868	1421.0			-8.54	0.1
84.78988691507162	1422.0			-8.6	0.1
84.72075270125644	1423.0			-8.66	0.1
84.65161848744127	1424.0			-8.72	0.1
84.5824842736261	1425.0			-8.74	0.1
84.51335005981092	1426.0			-8.74	0.1
84.44421584599574	1427.0			-8.79	0.1
84.37508163218057	1428.0			-8.86	0.1
84.30594741836539	1429.0			-8.91	0.1
84.23681320455022	1430.0			-8.91	0.1
84.16767899073504	1431.0			-8.87	0.1
84.09854477691987	1432.0			-8.81	0.1
84.02941056310469	1433.0			-8.76	0.1
83.96851925947837	1434.0			-8.72	0.1
83.91373083476523	1435.0			-8.7	0.1
83.85894241005208	1436.0			-8.72	0.1
83.80415398533894	1437.0			-8.79	0.1
83.7493655606258	1438.0			-8.89	0.1
83.69457713591265	1439.0			-8.98	0.1
83.63978871119951	1440.0			-9.01	0.1
83.58500028648638	1441.0			-9.01	0.1
83.53021186177322	1442.0			-8.97	0.1
83.47542343706009	1443.0			-8.92	0.1
83.42063501234695	1444.0			-8.87	0.1
83.3658465876338	1445.0			-8.83	0.1
83.31105816292066	1446.0			-8.82	0.1
83.25626973820752	1447.0			-8.84	0.1
83.20148131349437	1448.0			-8.89	0.1
83.14669288878123	1449.0			-8.95	0.1
83.0919044640681	1450.0			-8.97	0.1
83.03711603935494	1451.0			-8.91	0.1
82.9613994415548	1452.0			-8.85	0.1
82.84172890770243	1453.0			-8.86	0.1
82.72205837385006	1454.0			-8.88	0.1
82.60238783999768	1455.0			-8.91	0.1
82.4827173061453	1456.0			-8.96	0.1
82.36304677229293	1457.0			-8.97	0.1
82.24337623844056	1458.0			-8.9	0.1
82.12370570458819	1459.0			-8.78	0.1
82.00403517073582	1460.0			-8.69	0.1
81.89427569501304	1461.0			-8.69	0.1
81.7848620720696	1462.0			-8.74	0.1
81.67544844912618	1463.0			-8.8	0.1
81.56603482618274	1464.0			-8.86	0.1
81.45662120323932	1465.0			-8.89	0.1
81.34720758029589	1466.0			-8.91	0.1
81.23779395735247	1467.0			-8.99	0.1
81.12838033440903	1468.0			-9.11	0.1
81.01896671146561	1469.0			-9.19	0.1
80.81054007431796	1470.0			-9.17	0.1
80.58135041451905	1471.0			-9.07	0.1
80.35216075472013	1472.0			-8.95	0.1
80.12297109492121	1473.0			-8.88	0.1
79.98815810128433	1474.0			-8.88	0.1
79.96260662879791	1475.0			-8.97	0.1
79.9370551563115	1476.0			-9.05	0.1
79.91150368382509	1477.0			-9.03	0.1
79.88595221133868	1478.0			-8.95	0.1
79.86040073885226	1479.0			-8.89	0.1
79.83484926636585	1480.0			-8.87	0.1
79.80929779387942	1481.0			-8.87	0.1
79.78374632139301	1482.0			-8.86	0.1
79.7581948489066	1483.0			-8.86	0.1
79.73264337642019	1484.0			-8.85	0.1
79.70709190393377	1485.0			-8.82	0.1
79.68154043144736	1486.0			-8.73	0.1
79.65598895896095	1487.0			-8.6	0.1
79.63043748647453	1488.0			-8.52	0.1
79.60488601398812	1489.0			-8.55	0.1
79.57933454150171	1490.0			-8.63	0.1
79.5537830690153	1491.0			-8.69	0.1
79.52823159652888	1492.0			-8.73	0.1
79.50268012404247	1493.0			-8.78	0.1
79.47712865155606	1494.0			-8.82	0.1
79.45157717906964	1495.0			-8.82	0.1
79.42602570658323	1496.0			-8.83	0.1
79.40047423409682	1497.0			-8.85	0.1
79.3749227616104	1498.0			-8.82	0.1
79.349371289124	1499.0			-8.77	0.1
79.32381981663758	1500.0			-8.72	0.1
79.29826834415115	1501.0			-8.65	0.1
79.27271687166474	1502.0			-8.59	0.1
79.24716539917833	1503.0			-8.59	0.1
79.22161392669192	1504.0			-8.58	0.1
79.1960624542055	1505.0			-8.55	0.1
79.17051098171909	1506.0			-8.58	0.1
79.14495950923268	1507.0			-8.6	0.1
79.11940803674626	1508.0			-8.63	0.1
79.09385656425985	1509.0			-8.71	0.1
79.06830509177344	1510.0			-8.8	0.1
79.04275361928703	1511.0			-8.86	0.1
79.01720214680061	1512.0			-8.89	0.1
78.9216100783841	1513.0			-8.89	0.1
78.68171310936457	1514.0			-8.89	0.1
78.44181614034501	1515.0			-8.94	0.1
78.20191917132547	1516.0			-8.99	0.1
77.97482659928035	1517.0			-8.99	0.1
77.81581204606155	1518.0			-8.99	0.1
77.65679749284274	1519.0			-8.94	0.1
77.49778293962395	1520.0			-8.87	0.1
77.33876838640515	1521.0			-8.8	0.1
77.17975383318634	1522.0			-8.7	0.1
77.02073927996754	1523.0			-8.61	0.1
76.88176697172067	1524.0			-8.53	0.1
76.74580070873319	1525.0			-8.45	0.1
76.60983444574572	1526.0			-8.4	0.1
76.47386818275824	1527.0			-8.37	0.1
76.33790191977077	1528.0			-8.36	0.1
76.20193565678329	1529.0			-8.4	0.1
76.06596939379583	1530.0			-8.49	0.1
75.89666162613526	1531.0			-8.52	0.1
75.69593075517129	1532.0			-8.51	0.1
75.49519988420732	1533.0			-8.5	0.1
75.29446901324336	1534.0			-8.49	0.1
75.09373814227939	1535.0			-8.48	0.1
74.97142477098015	1536.0			-8.46	0.1
74.91781429969234	1537.0			-8.45	0.1
74.86420382840453	1538.0			-8.46	0.1
74.81059335711672	1539.0			-8.48	0.1
74.7569828858289	1540.0			-8.53	0.1
74.70337241454109	1541.0			-8.55	0.1
74.64976194325328	1542.0			-8.56	0.1
74.59615147196547	1543.0			-8.55	0.1
74.54254100067766	1544.0			-8.51	0.1
74.48893052938985	1545.0			-8.49	0.1
74.43532005810204	1546.0			-8.49	0.1
74.38170958681422	1547.0			-8.5	0.1
74.3280991155264	1548.0			-8.54	0.1
74.27448864423859	1549.0			-8.58	0.1
74.22087817295078	1550.0			-8.62	0.1
74.16726770166296	1551.0			-8.67	0.1
74.11365723037515	1552.0			-8.64	0.1
74.06004675908734	1553.0			-8.54	0.1
74.00643628779953	1554.0			-8.46	0.1
73.48281543115525	1555.0			-8.41	0.1
72.97525599210576	1556.0			-8.39	0.1
72.83665938599711	1557.0			-8.41	0.1
72.69806277988845	1558.0			-8.41	0.1
72.5594661737798	1559.0			-8.38	0.1
72.42086956767115	1560.0			-8.4	0.1
72.2822729615625	1561.0			-8.45	0.1
72.14367635545383	1562.0			-8.48	0.1
72.00507974934519	1563.0			-8.47	0.1
71.77448276093797	1564.0			-8.46	0.1
71.54038554871582	1565.0			-8.52	0.1
71.30628833649367	1566.0			-8.59	0.1
71.07219112427151	1567.0			-8.66	0.1
70.6754356177244	1568.0			-8.75	0.1
70.2061535910937	1569.0			-8.83	0.1
69.86861392882528	1570.0			-8.86	0.1
69.63429063485638	1571.0			-8.89	0.1
69.39996734088747	1572.0			-8.96	0.1
69.16564404691857	1573.0			-9.02	0.1
68.95486680092439	1574.0			-9.04	0.1
68.80087909242489	1575.0			-9.05	0.1
68.64689138392541	1576.0			-9.01	0.1
68.49290367542592	1577.0			-8.95	0.1
68.33891596692642	1578.0			-8.88	0.1
68.18492825842694	1579.0			-8.78	0.1
68.03094054992745	1580.0			-8.7	0.1
67.68040061098493	1581.0			-8.71	0.1
67.28043706754843	1582.0			-8.81	0.1
66.92770976207598	1583.0			-8.91	0.1
66.68580971858239	1584.0			-8.98	0.1
66.44390967508882	1585.0			-9.08	0.1
66.20200963159523	1586.0			-9.16	0.1
65.93084852671784	1587.0			-9.22	0.1
65.51150604318512	1588.0			-9.24	0.1
65.09216355965239	1589.0			-9.22	0.1
64.88219938889951	1590.0			-9.22	0.1
64.73121533334151	1591.0			-9.22	0.1
64.58023127778351	1592.0			-9.13	0.1
64.42924722222551	1593.0			-9.03	0.1
64.27826316666751	1594.0			-8.97	0.1
64.12727911110952	1595.0			-8.91	0.1
63.884505970705085	1596.0			-8.86	0.1
63.14888910505153	1597.0			-8.84	0.1
62.81950809364982	1598.0			-8.81	0.1
62.5932142324408	1599.0			-8.76	0.1
62.36692037123178	1600.0			-8.73	0.1
62.140626510022756	1601.0			-8.71	0.1
61.90751611968071	1602.0			-8.7	0.1
61.663216114051465	1603.0			-8.69	0.1
61.41891610842222	1604.0			-8.63	0.1
61.17461610279298	1605.0			-8.52	0.1
60.95648129233876	1606.0			-8.43	0.1
60.8039120461586	1607.0			-8.41	0.1
60.65134279997845	1608.0			-8.39	0.1
60.498773553798294	1609.0			-8.34	0.1
60.346204307618144	1610.0			-8.33	0.1
60.19363506143799	1611.0			-8.43	0.1
60.04106581525783	1612.0			-8.6	0.1
59.9343553820846	1613.0			-8.75	0.1
59.84453438027064	1614.0			-8.82	0.1
59.75471337845667	1615.0			-8.79	0.1
59.66489237664271	1616.0			-8.71	0.1
59.575071374828745	1617.0			-8.65	0.1
59.485250373014786	1618.0			-8.63	0.1
59.39542937120082	1619.0			-8.63	0.1
59.30560836938686	1620.0			-8.62	0.1
59.215787367572894	1621.0			-8.63	0.1
59.125966365758934	1622.0			-8.64	0.1
59.03614536394497	1623.0			-8.67	0.1
58.93635425094834	1624.0			-8.73	0.1
58.82984922989999	1625.0			-8.78	0.1
58.72334420885164	1626.0			-8.81	0.1
58.61683918780329	1627.0			-8.79	0.1
58.51033416675495	1628.0			-8.73	0.1
58.4038291457066	1629.0			-8.7	0.1
58.29732412465825	1630.0			-8.65	0.1
58.19081910360991	1631.0			-8.61	0.1
58.08431408256156	1632.0			-8.56	0.1
57.92780849523969	1633.0			-8.51	0.1
57.58132663109557	1634.0			-8.48	0.1
57.23484476695146	1635.0			-8.49	0.1
56.94520898134581	1636.0			-8.48	0.1
56.775157136940564	1637.0			-8.51	0.1
56.60510529253532	1638.0			-8.6	0.1
56.43505344813008	1639.0			-8.69	0.1
56.26500160372483	1640.0			-8.74	0.1
56.09494975931959	1641.0			-8.8	0.1
55.78229846784215	1642.0			-8.83	0.1
55.28936212618042	1643.0			-8.87	0.1
54.969668716262056	1644.0			-8.94	0.1
54.89622428712186	1645.0			-9.01	0.1
54.82277985798167	1646.0			-9.04	0.1
54.749335428841476	1647.0			-9.02	0.1
54.67589099970129	1648.0			-8.94	0.1
54.60244657056109	1649.0			-8.86	0.1
54.529002141420904	1650.0			-8.8	0.1
54.45555771228071	1651.0			-8.74	0.1
54.38211328314052	1652.0			-8.69	0.1
54.308668854000324	1653.0			-8.64	0.1
54.235224424860135	1654.0			-8.57	0.1
54.16177999571994	1655.0			-8.54	0.1
54.08833556657975	1656.0			-8.58	0.1
54.014891137439555	1657.0			-8.64	0.1
53.8420502548979	1658.0			-8.66	0.1
53.64393109669289	1659.0			-8.66	0.1
53.44581193848787	1660.0			-8.73	0.1
53.24769278028286	1661.0			-8.78	0.1
53.049573622077844	1662.0			-8.73	0.1
52.944745562655385	1663.0			-8.7	0.1
52.87105124036733	1664.0			-8.7	0.1
52.79735691807928	1665.0			-8.63	0.1
52.723662595791225	1666.0			-8.51	0.1
52.64996827350317	1667.0			-8.49	0.1
52.57627395121512	1668.0			-8.59	0.1
52.502579628927066	1669.0			-8.67	0.1
52.42888530663902	1670.0			-8.67	0.1
52.35519098435096	1671.0			-8.62	0.1
52.28149666206291	1672.0			-8.58	0.1
52.20780233977486	1673.0			-8.65	0.1
52.1341080174868	1674.0			-8.78	0.1
52.060413695198754	1675.0			-8.87	0.1
51.9486113232029	1676.0			-8.89	0.1
51.66345508137956	1677.0			-8.87	0.1
51.37829883955623	1678.0			-8.83	0.1
51.09314259773289	1679.0			-8.78	0.1
50.783735823524786	1680.0			-8.78	0.1
50.46256552285781	1681.0			-8.83	0.1
50.14139522219082	1682.0			-8.86	0.1
49.85634202434608	1683.0			-8.85	0.1
49.59969535437897	1684.0			-8.84	0.1
49.34304868441187	1685.0			-8.84	0.1
49.08640201444477	1686.0			-8.83	0.1
48.92133061575385	1687.0			-8.77	0.1
48.802735201212414	1688.0			-8.71	0.1
48.68413978667097	1689.0			-8.67	0.1
48.56554437212952	1690.0			-8.62	0.1
48.446948957588084	1691.0			-8.6	0.1
48.32835354304664	1692.0			-8.65	0.1
48.2097581285052	1693.0			-8.7	0.1
48.091162713963755	1694.0			-8.71	0.1
47.9853532827366	1695.0			-8.74	0.1
47.92203346846583	1696.0			-8.78	0.1
47.858713654195064	1697.0			-8.81	0.1
47.795393839924294	1698.0			-8.81	0.1
47.73207402565353	1699.0			-8.76	0.1
47.66875421138276	1700.0			-8.74	0.1
47.605434397112	1701.0			-8.8	0.1
47.54211458284123	1702.0			-8.85	0.1
47.47879476857046	1703.0			-8.83	0.1
47.4154749542997	1704.0			-8.81	0.1
47.35215514002893	1705.0			-8.82	0.1
47.288835325758164	1706.0			-8.8	0.1
47.225515511487394	1707.0			-8.71	0.1
47.16219569721663	1708.0			-8.67	0.1
47.09887588294586	1709.0			-8.73	0.1
47.03555606867509	1710.0			-8.78	0.1
46.972112443720185	1711.0			-8.78	0.1
46.90851025870453	1712.0			-8.75	0.1
46.84490807368887	1713.0			-8.75	0.1
46.78130588867322	1714.0			-8.79	0.1
46.71770370365756	1715.0			-8.82	0.1
46.6541015186419	1716.0			-8.75	0.1
46.59049933362625	1717.0			-8.66	0.1
46.526897148610594	1718.0			-8.69	0.1
46.46329496359493	1719.0			-8.78	0.1
46.39969277857928	1720.0			-8.84	0.1
46.336090593563625	1721.0			-8.88	0.1
46.272488408547964	1722.0			-8.87	0.1
46.20888622353231	1723.0			-8.8	0.1
46.14528403851666	1724.0			-8.73	0.1
46.081681853501	1725.0			-8.64	0.1
46.01807966848534	1726.0			-8.55	0.1
45.87228454070625	1727.0			-8.5	0.1
45.69384576160335	1728.0			-8.5	0.1
45.515406982500444	1729.0			-8.48	0.1
45.33696820339755	1730.0			-8.43	0.1
45.15852942429464	1731.0			-8.44	0.1
44.96717766928489	1732.0			-8.47	0.1
44.67300557397989	1733.0			-8.49	0.1
44.37883347867489	1734.0			-8.56	0.1
44.0846613833699	1735.0			-8.65	0.1
43.83038111296832	1736.0			-8.67	0.1
43.59222076813179	1737.0			-8.67	0.1
43.35406042329525	1738.0			-8.73	0.1
43.115900078458715	1739.0			-8.77	0.1
42.871020753283496	1740.0			-8.77	0.1
42.6197719806051	1741.0			-8.77	0.1
42.368523207926714	1742.0			-8.76	0.1
42.117274435248326	1743.0			-8.77	0.1
41.787579420311815	1744.0			-8.79	0.1
41.38921648781253	1745.0			-8.79	0.1
40.997035651938205	1746.0			-8.76	0.1
40.867926864066185	1747.0			-8.72	0.1
40.738818076194164	1748.0			-8.71	0.1
40.60970928832214	1749.0			-8.73	0.1
40.48060050045012	1750.0			-8.74	0.1
40.3514917125781	1751.0			-8.77	0.1
40.22238292470609	1752.0			-8.83	0.1
40.09327413683407	1753.0			-8.84	0.1
39.97673364928253	1754.0			-8.76	0.1
39.89290723400209	1755.0			-8.66	0.1
39.80908081872164	1756.0			-8.59	0.1
39.72525440344119	1757.0			-8.57	0.1
39.64142798816074	1758.0			-8.57	0.1
39.557601572880294	1759.0			-8.6	0.1
39.473775157599846	1760.0			-8.63	0.1
39.3899487423194	1761.0			-8.63	0.1
39.30612232703895	1762.0			-8.65	0.1
39.2222959117585	1763.0			-8.71	0.1
39.13846949647805	1764.0			-8.77	0.1
39.054643081197604	1765.0			-8.81	0.1
38.92451509750995	1766.0			-8.84	0.1
38.7076917295708	1767.0			-8.83	0.1
38.49086836163164	1768.0			-8.83	0.1
38.27404499369249	1769.0			-8.82	0.1
38.057221625753336	1770.0			-8.74	0.1
37.879354370196985	1771.0			-8.64	0.1
37.71545395518413	1772.0			-8.58	0.1
37.55155354017127	1773.0			-8.56	0.1
37.387653125158415	1774.0			-8.57	0.1
37.22375271014556	1775.0			-8.59	0.1
37.0598522951327	1776.0			-8.62	0.1
36.89584081931629	1777.0			-8.66	0.1
36.73176545725186	1778.0			-8.68	0.1
36.56769009518743	1779.0			-8.67	0.1
36.403614733123	1780.0			-8.63	0.1
36.23953937105857	1781.0			-8.6	0.1
36.07546400899414	1782.0			-8.58	0.1
35.91359359896127	1783.0			-8.54	0.1
35.75360099029557	1784.0			-8.52	0.1
35.59360838162986	1785.0			-8.55	0.1
35.43361577296416	1786.0			-8.52	0.1
35.27362316429845	1787.0			-8.47	0.1
35.113630555632746	1788.0			-8.48	0.1
34.975714390505416	1789.0			-8.55	0.1
34.891906237891625	1790.0			-8.58	0.1
34.808098085277834	1791.0			-8.6	0.1
34.72428993266404	1792.0			-8.63	0.1
34.64048178005025	1793.0			-8.62	0.1
34.55667362743646	1794.0			-8.57	0.1
34.47286547482267	1795.0			-8.56	0.1
34.38905732220888	1796.0			-8.55	0.1
34.305249169595086	1797.0			-8.52	0.1
34.221441016981295	1798.0			-8.52	0.1
34.137632864367504	1799.0			-8.53	0.1
34.05382471175371	1800.0			-8.5	0.1
33.863909059254276	1801.0			-8.48	0.1
33.483514748121046	1802.0			-8.54	0.1
33.10312043698782	1803.0			-8.63	0.1
32.47526023982894	1804.0			-8.68	0.1
31.966042187003588	1805.0			-8.73	0.1
31.866113325292183	1806.0			-8.74	0.1
31.766184463580775	1807.0			-8.69	0.1
31.66625560186937	1808.0			-8.59	0.1
31.56632674015796	1809.0			-8.49	0.1
31.466397878446557	1810.0			-8.38	0.1
31.366469016735152	1811.0			-8.31	0.1
31.266540155023744	1812.0			-8.31	0.1
31.16661129331234	1813.0			-8.35	0.1
31.06668243160093	1814.0			-8.38	0.1
30.9050263780461	1815.0			-8.43	0.1
30.61956397191929	1816.0			-8.46	0.1
30.334101565792484	1817.0			-8.49	0.1
30.048639159665672	1818.0			-8.5	0.1
29.32789617435516	1819.0			-8.51	0.1
28.96480027414874	1820.0			-8.53	0.1
28.905666979048213	1821.0			-8.6	0.1
28.846533683947687	1822.0			-8.66	0.1
28.78740038884716	1823.0			-8.68	0.1
28.72826709374663	1824.0			-8.71	0.1
28.669133798646104	1825.0			-8.78	0.1
28.610000503545578	1826.0			-8.82	0.1
28.55086720844505	1827.0			-8.83	0.1
28.491733913344525	1828.0			-8.91	0.1
28.432600618243995	1829.0			-9.02	0.1
28.37346732314347	1830.0			-9.1	0.1
28.314334028042943	1831.0			-9.14	0.1
28.255200732942416	1832.0			-9.17	0.1
28.19606743784189	1833.0			-9.15	0.1
28.136934142741364	1834.0			-9.06	0.1
28.077800847640834	1835.0			-8.97	0.1
28.018667552540307	1836.0			-8.95	0.1
27.337296042017336	1837.0			-8.94	0.1
26.64189627243758	1838.0			-8.87	0.1
26.09240889324708	1839.0			-8.77	0.1
25.916156947029044	1840.0			-8.69	0.1
25.815363099020097	1841.0			-8.62	0.1
25.71456925101115	1842.0			-8.57	0.1
25.6137754030022	1843.0			-8.55	0.1
25.512981554993253	1844.0			-8.61	0.1
25.412187706984305	1845.0			-8.69	0.1
25.311393858975357	1846.0			-8.71	0.1
25.21060001096641	1847.0			-8.69	0.1
25.10980616295746	1848.0			-8.64	0.1
25.009012314948517	1849.0			-8.57	0.1
24.738154281470784	1850.0			-8.51	0.1
24.45059711528301	1851.0			-8.47	0.1
24.163039949095236	1852.0			-8.44	0.1
23.96408783924486	1853.0			-8.49	0.1
23.881153130137506	1854.0			-8.55	0.1
23.79821842103015	1855.0			-8.57	0.1
23.71528371192279	1856.0			-8.57	0.1
23.632349002815435	1857.0			-8.55	0.1
23.54941429370808	1858.0			-8.52	0.1
23.466479584600723	1859.0			-8.49	0.1
23.383544875493364	1860.0			-8.5	0.1
23.300610166386008	1861.0			-8.55	0.1
23.217675457278652	1862.0			-8.66	0.1
23.134740748171296	1863.0			-8.76	0.1
23.051806039063937	1864.0			-8.84	0.1
22.903703148729765	1865.0			-8.86	0.1
22.647143798879227	1866.0			-8.77	0.1
22.390584449028694	1867.0			-8.66	0.1
22.134025099178157	1868.0			-8.62	0.1
21.926136728611255	1869.0			-8.6	0.1
21.77148353751289	1870.0			-8.6	0.1
21.616830346414524	1871.0			-8.6	0.1
21.46217715531616	1872.0			-8.53	0.1
21.307523964217793	1873.0			-8.44	0.1
21.152870773119428	1874.0			-8.42	0.1
20.99718547443355	1875.0			-8.43	0.1
20.75298048692641	1876.0			-8.43	0.1
20.508775499419272	1877.0			-8.41	0.1
20.264570511912133	1878.0			-8.43	0.1
20.020365524404994	1879.0			-8.55	0.1
19.857763216922923	1880.0			-8.69	0.1
19.702585343669437	1881.0			-8.74	0.1
19.547407470415948	1882.0			-8.74	0.1
19.392229597162462	1883.0			-8.76	0.1
19.237051723908976	1884.0			-8.74	0.1
19.081873850655487	1885.0			-8.71	0.1
18.88622736228821	1886.0			-8.71	0.1
18.64538115318757	1887.0			-8.69	0.1
18.404534944086937	1888.0			-8.61	0.1
18.163688734986298	1889.0			-8.54	0.1
17.930132883378036	1890.0			-8.53	0.1
17.71204344522125	1891.0			-8.5	0.1
17.49395400706447	1892.0			-8.46	0.1
17.27586456890769	1893.0			-8.49	0.1
17.057775130750905	1894.0			-8.55	0.1
16.635362219497637	1895.0			-8.59	0.1
16.139313863194904	1896.0			-8.63	0.1
15.806022767004787	1897.0			-8.62	0.1
15.536292506975396	1898.0			-8.55	0.1
15.266562246946005	1899.0			-8.49	0.1
14.997387328028903	1900.0			-8.5	0.1
14.774939796536326	1901.0			-8.58	0.1
14.552492265043748	1902.0			-8.62	0.1
14.330044733551171	1903.0			-8.6	0.1
14.107597202058594	1904.0			-8.58	0.1
13.925837547044477	1905.0			-8.58	0.1
13.782196212529426	1906.0			-8.6	0.1
13.638554878014375	1907.0			-8.65	0.1
13.494913543499326	1908.0			-8.72	0.1
13.351272208984275	1909.0			-8.77	0.1
13.207630874469224	1910.0			-8.77	0.1
13.063989539954175	1911.0			-8.74	0.1
12.96258706725607	1912.0			-8.68	0.1
12.895117858092773	1913.0			-8.58	0.1
12.827648648929474	1914.0			-8.51	0.1
12.760179439766176	1915.0			-8.49	0.1
12.692710230602877	1916.0			-8.44	0.1
12.625241021439578	1917.0			-8.38	0.1
12.55777181227628	1918.0			-8.35	0.1
12.490302603112982	1919.0			-8.32	0.1
12.422833393949682	1920.0			-8.29	0.1
12.355364184786385	1921.0			-8.3	0.1
12.287894975623086	1922.0			-8.3	0.1
12.220425766459787	1923.0			-8.28	0.1
12.15295655729649	1924.0			-8.27	0.1
12.08548734813319	1925.0			-8.36	0.1
12.018018138969893	1926.0			-8.49	0.1
11.930540939217806	1927.0			-8.59	0.1
11.835773568524482	1928.0			-8.61	0.1
11.74100619783116	1929.0			-8.55	0.1
11.646238827137836	1930.0			-8.49	0.1
11.551471456444512	1931.0			-8.52	0.1
11.45670408575119	1932.0			-8.58	0.1
11.361936715057865	1933.0			-8.57	0.1
11.267169344364541	1934.0			-8.53	0.1
11.172401973671217	1935.0			-8.5	0.1
11.077634602977895	1936.0			-8.46	0.1
10.98445883856343	1937.0			-8.46	0.1
10.898495202604144	1938.0			-8.52	0.1
10.812531566644857	1939.0			-8.52	0.1
10.72656793068557	1940.0			-8.46	0.1
10.640604294726284	1941.0			-8.42	0.1
10.554640658766997	1942.0			-8.48	0.1
10.46867702280771	1943.0			-8.61	0.1
10.382713386848424	1944.0			-8.7	0.1
10.296749750889138	1945.0			-8.74	0.1
10.21078611492985	1946.0			-8.76	0.1
10.124822478970563	1947.0			-8.76	0.1
10.038858843011276	1948.0			-8.73	0.1
9.803559799769545	1949.0			-8.71	0.1
9.44506732366381	1950.0			-8.71	0.1
9.086574847558074	1951.0			-8.69	0.1
8.683223463531656	1952.0			-8.7	0.1
8.265589617806825	1953.0			-8.76	0.1
7.873375802449738	1954.0			-8.76	0.1
7.52556548890561	1955.0			-8.68	0.1
7.177755175361481	1956.0			-8.59	0.1
6.8107241938383565	1957.0			-8.51	0.1
6.42360223921272	1958.0			-8.48	0.1
6.036480284587084	1959.0			-8.53	0.1
5.564200295488618	1960.0			-8.58	0.1
5.083060579786342	1961.0			-8.55	0.1
4.688110163767043	1962.0			-8.45	0.1
4.311143441333127	1963.0			-8.38	0.1
3.9614718312895087	1964.0			-8.41	0.1
3.740822887066627	1965.0			-8.46	0.1
3.520173942843745	1966.0			-8.51	0.1
3.2995249986208637	1967.0			-8.58	0.1
3.078876054397982	1968.0			-8.69	0.1
2.816380231793753	1969.0			-8.74	0.1
2.530602689675522	1970.0			-8.77	0.1
2.244825147557291	1971.0			-8.83	0.1
1.950529883931423	1972.0			-8.88	0.1
1.6053132408034134	1973.0			-8.88	0.1
1.2600965976754042	1974.0			-8.84	0.1
0.9245171723152256	1975.0			-8.78	0.1
0.6183856583035596	1976.0			-8.71	0.1
0.3122541442918937	1977.0			-8.66	0.1
0.006122630280227748	1978.0			-8.66	0.1
