depth	true_age	age	sigma_age	d18O	sigma_d18O
0.0	2018.0				
6.0	1922.4885105546093	1921.0	2.0		
9.0	1902.327290889447	1899.0	3.0		
29.0	1778.3367006782116	1784.0	5.0		
48.0	1649.5474102932687	1652.0	2.5		
65.0	1541.0393925554245	1544.0	7.0		
80.0	1455.1023056199228	1454.0	2.5		
113.0	1074.7592752299036	1075.0	2.5		
2.5	1995.2658186981705			-8.91618110695659	0.08
3.0	1979.1180256221785			-9.088214231417714	0.08
3.5	1962.9702325461865			-9.374078910961591	0.08
4.0	1946.8224394701945			-8.939511850657414	0.08
4.5	1930.6746463942025			-8.99467442897692	0.08
5.0	1926.0289228577485			-9.007759770227382	0.08
5.5	1924.2587167061788			-9.149222187637694	0.08
6.0	1922.4885105546093			-9.099268117944716	0.08
6.5	1920.7183044030396			-9.158032068052071	0.08
7.0	1918.4938133583394			-9.142051184921927	0.08
7.5	1914.4521827411163			-8.674211244583129	0.08
8.0	1910.4105521238932			-8.791779085930735	0.08
8.5	1906.3689215066702			-8.760256017436632	0.08
9.0	1902.327290889447			-9.123363980226205	0.08
9.5	1899.5768912370963			-9.14329049685703	0.08
10.0	1897.6873122279937			-9.16043672324659	0.08
10.5	1895.7977332188914			-9.273915513247257	0.08
11.0	1893.9081542097888			-9.25063789908477	0.08
11.5	1892.0185752006864			-9.214871105419109	0.08
12.0	1885.0063642630034			-9.119430496527677	0.08
12.5	1877.9941533253204			-9.06009317382266	0.08
13.0	1870.9819423876374			-9.422236298564146	0.08
13.5	1863.9697314499545			-9.1063970756326	0.08
14.0	1858.2019333072647			-9.393599031975038	0.08
14.5	1854.3007543570648			-9.364343635571835	0.08
15.0	1850.3995754068649			-9.342502224522091	0.08
15.5	1846.4983964566648			-9.28297140809853	0.08
16.0	1842.5972175064649			-9.294063772105776	0.08
16.5	1840.5162094220564			-9.343661021595647	0.08
17.0	1838.8902440540958			-9.29791676800906	0.08
17.5	1837.264278686135			-9.514802219942748	0.08
18.0	1835.6383133181744			-9.506896757371752	0.08
18.5	1833.8780264553695			-9.148504498486737	0.08
19.0	1831.5804536131882			-9.225300272912703	0.08
19.5	1829.2828807710068			-9.363683031103262	0.08
20.0	1826.9853079288255			-9.448708855842668	0.08
20.5	1824.6877350866441			-9.494811038447299	0.08
21.0	1823.0690784782985			-9.611896773471429	0.08
21.5	1821.90303269251			-9.814694710814962	0.08
22.0	1820.7369869067213			-9.825436344761265	0.08
22.5	1819.5709411209327			-9.623981004506929	0.08
23.0	1818.4048953351441			-9.512120114893552	0.08
23.5	1815.1008782742163			-9.440163376867389	0.08
24.0	1811.7968612132881			-9.198437319727732	0.08
24.5	1808.4928441523602			-9.134693115035152	0.08
25.0	1805.1888270914321			-9.031014857165065	0.08
25.5	1801.4806308340915			-8.741664901468024	0.08
26.0	1797.1661657821312			-9.16166073711739	0.08
26.5	1792.8517007301712			-9.031779431336656	0.08
27.0	1788.537235678211			-9.03716197569823	0.08
27.5	1784.2227706262508			-9.241862668459326	0.08
28.0	1781.9246842051025			-9.407833413514911	0.08
28.5	1780.130692441657			-9.308217811791854	0.08
29.0	1778.3367006782116			-9.34365695329322	0.08
29.5	1776.542708914766			-9.119097356309068	0.08
30.0	1774.7942862854288			-9.250912484085438	0.08
30.5	1773.2281401925243			-9.041118206442295	0.08
31.0	1771.6619940996197			-9.187919817195276	0.08
31.5	1770.0958480067152			-9.076702655631314	0.08
32.0	1768.5297019138106			-9.349319491281888	0.08
32.5	1767.2896398761047			-9.30719788079388	0.08
33.0	1766.266967208531			-9.337870844996365	0.08
33.5	1765.2442945409575			-9.263575324294434	0.08
34.0	1764.2216218733838			-9.106350876318873	0.08
34.5	1763.1989492058103			-9.011425553670747	0.08
35.0	1762.0140843239096			-9.047632207818365	0.08
35.5	1760.8292194420087			-9.114876130625907	0.08
36.0	1759.644354560108			-9.384469805866923	0.08
36.5	1758.4594896782073			-9.587086519781181	0.08
37.0	1757.1103279432973			-9.452694425959493	0.08
37.5	1755.5147209288732			-9.464782969953665	0.08
38.0	1753.9191139144493			-9.613225494737332	0.08
38.5	1752.3235069000252			-9.423942038520705	0.08
39.0	1750.7278998856013			-9.415546345853157	0.08
39.5	1748.8048342740087			-9.266192124644657	0.08
40.0	1746.799904013124			-9.246291954049514	0.08
40.5	1744.7949737522392			-9.303700284230233	0.08
41.0	1742.7900434913545			-9.378107924951482	0.08
41.5	1739.9268814989207			-9.144036922059158	0.08
42.0	1733.6307925802914			-9.35848853991952	0.08
42.5	1727.3347036616622			-9.449317214201892	0.08
43.0	1721.038614743033			-9.156824349235206	0.08
43.5	1714.7425258244036			-9.306589493066138	0.08
44.0	1706.742156061427			-9.2643382600983	0.08
44.5	1697.605599068886			-9.267657035305787	0.08
45.0	1688.4690420763447			-9.622365388739718	0.08
45.5	1679.3324850838035			-9.212719315425167	0.08
46.0	1670.1959280912622			-9.33755411143341	0.08
46.5	1665.0337986417637			-9.56168345639938	0.08
47.0	1659.8716691922655			-9.309433871857829	0.08
47.5	1654.709539742767			-9.138874469908991	0.08
48.0	1649.5474102932687			-9.154805665453377	0.08
48.5	1645.3659338617351			-8.943760213415842	0.08
49.0	1642.6554369571488			-9.064544961816146	0.08
49.5	1639.9449400525623			-9.337088494759703	0.08
50.0	1637.2344431479758			-9.741351140078052	0.08
50.5	1634.5239462433894			-9.48833726869265	0.08
51.0	1631.3173985891463			-9.067993948702927	0.08
51.5	1627.986838247489			-9.177574417415753	0.08
52.0	1624.6562779058318			-8.961670895977031	0.08
52.5	1621.3257175641747			-9.272371483523065	0.08
53.0	1618.0563440709832			-9.215827476681817	0.08
53.5	1615.0317179716546			-9.141569357570884	0.08
54.0	1612.007091872326			-9.267995185346898	0.08
54.5	1608.9824657729976			-9.152478413365197	0.08
55.0	1605.957839673669			-9.419818457454967	0.08
55.5	1602.5755406584533			-9.341036836578647	0.08
56.0	1598.9547930326462			-9.024340531665912	0.08
56.5	1595.334045406839			-9.204426985472734	0.08
57.0	1591.7132977810318			-9.420161648016913	0.08
57.5	1588.0925501552247			-9.359912528200699	0.08
58.0	1585.4956710158742			-9.164318606445452	0.08
58.5	1582.8987918765235			-9.39022702659854	0.08
59.0	1580.301912737173			-9.586551875928661	0.08
59.5	1577.7050335978226			-9.774338743031565	0.08
60.0	1575.260671739656			-9.528408114204295	0.08
60.5	1573.0450858032652			-9.381188923182414	0.08
61.0	1570.8294998668744			-9.108722554581215	0.08
61.5	1568.6139139304835			-9.209173435863185	0.08
62.0	1566.3983279940928			-9.549014718851733	0.08
62.5	1561.9328567143039			-9.50013602876369	0.08
63.0	1556.9049140986654			-9.297720828356292	0.08
63.5	1551.876971483027			-8.94984845208508	0.08
64.0	1546.8490288673886			-9.114329190232425	0.08
64.5	1542.5287944049692			-9.389458074557306	0.08
65.0	1541.0393925554245			-9.458434042436982	0.08
65.5	1539.5499907058797			-9.318318482140008	0.08
66.0	1538.060588856335			-9.196237988308601	0.08
66.5	1536.5711870067905			-9.093434413492101	0.08
67.0	1535.0724069653124			-9.087410783734347	0.08
67.5	1533.5673747958788			-8.947570015376469	0.08
68.0	1532.0623426264451			-9.222219852795414	0.08
68.5	1530.5573104570115			-9.128184380166205	0.08
69.0	1529.0522782875778			-9.145749039312411	0.08
69.5	1527.7609066827995			-8.992423622476931	0.08
70.0	1526.4695350780214			-9.11141436766119	0.08
70.5	1525.178163473243			-9.214617782903483	0.08
71.0	1523.8867918684648			-9.247231243194829	0.08
71.5	1519.9396376319994			-8.863214976477048	0.08
72.0	1512.0088094480034			-9.260259872872382	0.08
72.5	1504.0779812640071			-9.294392696454	0.08
73.0	1496.147153080011			-9.336463472215627	0.08
73.5	1488.2163248960148			-9.371654723252316	0.08
74.0	1486.236838338635			-9.34754771558015	0.08
75.0	1485.2535360371828			-9.52167314583269	0.08
75.5	1484.7618848864568			-9.50243646745593	0.08
76.0	1483.8629648973529			-9.57524018529291	0.08
76.5	1481.3349695547377			-9.420994645593451	0.08
77.0	1478.8069742121224			-9.2901614976134	0.08
77.5	1476.2789788695075			-9.340484131385198	0.08
78.0	1473.7509835268922			-9.4372964822568	0.08
78.5	1469.8002054281922			-9.337777376889388	0.08
79.0	1464.9009054921025			-9.337692412957939	0.08
79.5	1460.0016055560127			-9.61567643623839	0.08
80.0	1455.1023056199228			-9.604878669337449	0.08
80.5	1450.203005683833			-9.358834838913147	0.08
81.0	1447.3869476502084			-9.448352090613865	0.08
81.5	1444.5708896165838			-9.30443704172618	0.08
82.0	1441.7548315829592			-9.160076254109727	0.08
82.5	1438.9387735493344			-9.234515060260414	0.08
83.0	1435.141098168642			-9.101118615604316	0.08
83.5	1429.8709967673474			-9.356364224890378	0.08
84.0	1424.6008953660528			-9.15109377958862	0.08
84.5	1419.3307939647582			-9.80645132165861	0.08
85.0	1414.0606925634636			-9.020126901094134	0.08
85.5	1404.0176888001372			-9.358226716666824	0.08
86.0	1392.7814594463027			-9.103938970266	0.08
86.5	1381.5452300924683			-9.557704068322812	0.08
87.0	1370.3090007386338			-9.258025588000994	0.08
87.5	1358.7046749118329			-9.076381726614	0.08
88.0	1345.6279631931661			-9.446572649697181	0.08
88.5	1332.5512514744996			-9.666813975490976	0.08
89.0	1319.474539755833			-9.233210460665024	0.08
89.5	1306.3978280371664			-9.53836465479649	0.08
90.0	1300.2827986992272			-9.669197057147253	0.08
90.5	1298.8088909484397			-9.580901771211355	0.08
91.0	1297.334983197652			-9.611382816623975	0.08
91.5	1295.8610754468646			-9.48748195975656	0.08
92.0	1294.3871676960769			-9.191890895769212	0.08
92.5	1280.0567429001674			-9.105160059056143	0.08
93.0	1265.726318104258			-9.163421102772514	0.08
93.5	1251.3958933083486			-9.66841966260342	0.08
94.0	1237.065468512439			-9.425219704092706	0.08
94.5	1226.8114871803741			-9.084971389522108	0.08
95.0	1222.6721710440752			-8.911440655620297	0.08
95.5	1218.5328549077763			-8.825543571835212	0.08
96.0	1214.3935387714776			-9.157244222946215	0.08
96.5	1210.2542226351786			-8.888265283778994	0.08
97.0	1202.3413127795593			-9.304872040394153	0.08
97.5	1193.4850044941097			-9.297221430091483	0.08
98.0	1184.6286962086604			-9.08105530433699	0.08
98.5	1175.7723879232108			-9.20483693086437	0.08
99.0	1168.2845343154966			-9.224674892054193	0.08
99.5	1166.2704994187227			-9.045849599106845	0.08
100.0	1164.2564645219488			-9.23028722177702	0.08
100.5	1162.242429625175			-9.608527923830257	0.08
101.0	1160.228394728401			-9.756019060678756	0.08
101.5	1158.3163713746037			-9.59308787623924	0.08
102.0	1156.4723557161237			-9.500678993968386	0.08
102.5	1154.6283400576438			-9.273138656729028	0.08
103.0	1152.7843243991638			-9.159101291728826	0.08
103.5	1150.9403087406838			-9.432422673890226	0.08
104.0	1142.7453868003265			-9.345662583215024	0.08
104.5	1134.5504648599695			-9.192566076071822	0.08
105.0	1126.3555429196122			-9.37204795351415	0.08
105.5	1118.1606209792549			-9.308781886799695	0.08
106.0	1111.9852266412781			-9.262967614765603	0.08
107.0	1105.693020772466			-9.007637814272332	0.08
107.5	1102.54691783806			-8.661229890054988	0.08
108.0	1099.400814903654			-8.812270992232795	0.08
108.5	1096.5174466380524			-8.631507385901166	0.08
109.0	1093.6997620396521			-8.899147030411317	0.08
109.5	1090.8820774412518			-8.983154658891053	0.08
110.0	1088.0643928428515			-8.862733038267057	0.08
110.5	1085.3985325074398			-9.183057893447675	0.08
111.0	1083.3399692239834			-8.988660019232793	0.08
111.5	1081.281405940527			-9.001198734248185	0.08
112.0	1079.2228426570707			-8.895552756358857	0.08
113.0	1074.7592752299036			-9.032958605680196	0.08
