Year	d18O	Filtered d18O
1001	-8.081	-8.142
1002	-11.379	-8.522
1003	-9.736	-8.734
1004	-8.731	-8.827
1005	-9.470	-8.886
1006	-9.809	-8.894
1007	-7.291	-8.881
1008	-7.896	-8.952
1009	-10.582	-9.078
1010	-7.766	-9.191
1011	-9.200	-9.341
1012	-11.512	-9.484
1013	-9.786	-9.521
1014	-9.034	-9.506
1015	-10.831	-9.474
1016	-10.879	-9.347
1017	-7.047	-9.163
1018	-8.494	-9.060
1019	-7.158	-9.088
1020	-10.073	-9.204
1021	-10.212	-9.303
1022	-9.609	-9.327
1023	-8.354	-9.339
1024	-10.774	-9.357
1025	-9.632	-9.322
1026	-7.014	-9.292
1027	-10.754	-9.333
1028	-9.598	-9.354
1029	-9.228	-9.329
1030	-8.606	-9.322
1031	-8.332	-9.379
1032	-11.653	-9.452
1033	-8.014	-9.477
1034	-8.424	-9.548
1035	-10.977	-9.680
1036	-11.175	-9.739
1037	-10.166	-9.681
1038	-9.803	-9.557
1039	-8.539	-9.431
1040	-9.647	-9.335
1041	-8.817	-9.257
1042	-8.019	-9.223
1043	-9.797	-9.247
1044	-8.212	-9.301
1045	-10.080	-9.379
1046	-10.187	-9.429
1047	-7.954	-9.462
1048	-10.570	-9.525
1049	-9.003	-9.588
1050	-9.708	-9.653
1051	-11.291	-9.690
1052	-11.068	-9.608
1053	-10.034	-9.398
1054	-7.988	-9.147
1055	-6.680	-8.997
1056	-9.584	-8.977
1057	-9.102	-8.982
1058	-8.177	-8.986
1059	-7.968	-9.054
1060	-8.943	-9.204
1061	-10.582	-9.364
1062	-8.907	-9.483
1063	-10.125	-9.588
1064	-9.686	-9.679
1065	-10.598	-9.735
1066	-10.103	-9.739
1067	-9.685	-9.703
1068	-9.627	-9.660
1069	-9.263	-9.629
1070	-10.266	-9.600
1071	-10.619	-9.518
1072	-7.997	-9.401
1073	-9.551	-9.320
1074	-10.323	-9.235
1075	-8.305	-9.110
1076	-8.193	-9.019
1077	-8.997	-8.990
1078	-9.236	-8.974
1079	-8.247	-8.963
1080	-7.952	-9.008
1081	-10.809	-9.081
1082	-10.456	-9.058
1083	-6.562	-8.982
1084	-9.235	-8.987
1085	-10.433	-9.004
1086	-8.121	-8.964
1087	-8.405	-8.944
1088	-10.078	-8.943
1089	-8.196	-8.918
1090	-7.724	-8.930
1091	-9.791	-9.001
1092	-9.853	-9.043
1093	-10.084	-8.997
1094	-8.771	-8.879
1095	-8.255	-8.751
1096	-6.667	-8.702
1097	-9.881	-8.739
1098	-9.273	-8.757
1099	-8.453	-8.727
1100	-9.288	-8.682
1101	-7.642	-8.639
1102	-7.454	-8.662
1103	-9.477	-8.751
1104	-8.148	-8.853
1105	-8.481	-8.983
1106	-9.899	-9.138
1107	-10.898	-9.226
1108	-8.691	-9.223
1109	-8.449	-9.225
1110	-10.952	-9.236
1111	-8.270	-9.204
1112	-10.004	-9.154
1113	-8.496	-9.100
1114	-7.035	-9.107
1115	-10.629	-9.198
1116	-9.251	-9.269
1117	-9.460	-9.301
1118	-9.911	-9.311
1119	-8.433	-9.308
1120	-10.410	-9.307
1121	-9.039	-9.278
1122	-8.032	-9.265
1123	-9.609	-9.312
1124	-9.570	-9.369
1125	-9.880	-9.398
1126	-8.969	-9.408
1127	-9.297	-9.431
1128	-9.689	-9.466
1129	-9.098	-9.504
1130	-11.926	-9.496
1131	-9.952	-9.361
1132	-7.252	-9.184
1133	-8.167	-9.113
1134	-10.839	-9.094
1135	-9.121	-9.008
1136	-7.065	-8.920
1137	-8.135	-8.942
1138	-10.468	-9.014
1139	-8.069	-9.059
1140	-8.796	-9.125
1141	-8.273	-9.258
1142	-11.158	-9.403
1143	-10.588	-9.458
1144	-9.112	-9.419
1145	-9.296	-9.369
1146	-9.833	-9.317
1147	-6.288	-9.317
1148	-10.686	-9.425
1149	-10.554	-9.519
1150	-10.417	-9.507
1151	-9.043	-9.434
1152	-9.233	-9.360
1153	-8.797	-9.315
1154	-8.758	-9.314
1155	-9.300	-9.355
1156	-8.244	-9.442
1157	-10.117	-9.578
1158	-10.168	-9.705
1159	-10.370	-9.780
1160	-11.011	-9.783
1161	-9.868	-9.706
1162	-9.319	-9.597
1163	-10.077	-9.483
1164	-8.691	-9.364
1165	-9.124	-9.266
1166	-10.712	-9.154
1167	-6.263	-9.036
1168	-7.934	-9.047
1169	-11.127	-9.132
1170	-8.964	-9.151
1171	-8.290	-9.150
1172	-10.323	-9.168
1173	-7.850	-9.183
1174	-10.077	-9.215
1175	-10.160	-9.213
1176	-9.028	-9.144
1177	-7.027	-9.110
1178	-10.908	-9.139
1179	-8.420	-9.150
1180	-9.046	-9.156
1181	-10.319	-9.157
1182	-7.716	-9.138
1183	-10.209	-9.134
1184	-9.901	-9.091
1185	-7.898	-9.009
1186	-8.427	-8.976
1187	-9.811	-8.978
1188	-8.075	-8.973
1189	-7.050	-9.044
1190	-10.315	-9.209
1191	-10.696	-9.334
1192	-9.333	-9.364
1193	-9.362	-9.361
1194	-9.971	-9.344
1195	-8.624	-9.312
1196	-9.694	-9.289
1197	-9.260	-9.262
1198	-9.604	-9.216
1199	-8.279	-9.173
1200	-9.241	-9.163
1201	-8.538	-9.188
1202	-8.738	-9.257
1203	-9.419	-9.366
1204	-11.180	-9.442
1205	-10.231	-9.410
1206	-8.666	-9.308
1207	-9.788	-9.203
1208	-8.455	-9.102
1209	-8.425	-9.033
1210	-8.158	-9.033
1211	-9.724	-9.076
1212	-9.861	-9.090
1213	-8.533	-9.061
1214	-8.477	-9.054
1215	-10.439	-9.055
1216	-8.796	-9.006
1217	-8.761	-8.937
1218	-8.571	-8.890
1219	-9.029	-8.860
1220	-8.638	-8.834
1221	-7.408	-8.849
1222	-10.061	-8.913
1223	-9.175	-8.950
1224	-7.225	-8.991
1225	-10.060	-9.091
1226	-10.400	-9.155
1227	-8.760	-9.142
1228	-8.686	-9.128
1229	-8.216	-9.170
1230	-9.740	-9.258
1231	-10.667	-9.312
1232	-8.360	-9.311
1233	-9.291	-9.323
1234	-9.082	-9.369
1235	-9.736	-9.421
1236	-10.381	-9.442
1237	-9.075	-9.416
1238	-8.438	-9.408
1239	-9.596	-9.454
1240	-10.453	-9.492
1241	-9.593	-9.476
1242	-8.889	-9.444
1243	-8.609	-9.458
1244	-9.588	-9.528
1245	-9.941	-9.607
1246	-10.375	-9.649
1247	-8.428	-9.679
1248	-10.698	-9.728
1249	-10.859	-9.732
1250	-8.828	-9.676
1251	-8.185	-9.672
1252	-11.905	-9.709
1253	-9.085	-9.688
1254	-8.780	-9.665
1255	-10.470	-9.681
1256	-9.497	-9.684
1257	-9.677	-9.677
1258	-10.308	-9.659
1259	-11.239	-9.566
1260	-8.980	-9.383
1261	-7.519	-9.221
1262	-9.690	-9.140
1263	-8.123	-9.099
1264	-8.521	-9.108
1265	-9.757	-9.156
1266	-9.277	-9.186
1267	-7.434	-9.242
1268	-11.049	-9.344
1269	-9.688	-9.398
1270	-9.797	-9.384
1271	-8.662	-9.360
1272	-10.286	-9.337
1273	-9.020	-9.291
1274	-9.100	-9.237
1275	-7.689	-9.237
1276	-11.086	-9.272
1277	-9.750	-9.241
1278	-7.259	-9.189
1279	-10.250	-9.194
1280	-10.242	-9.167
1281	-7.091	-9.111
1282	-7.589	-9.168
1283	-10.861	-9.317
1284	-11.467	-9.375
1285	-10.443	-9.260
1286	-6.572	-9.096
1287	-8.067	-9.054
1288	-9.751	-9.108
1289	-10.352	-9.125
1290	-7.672	-9.099
1291	-9.646	-9.101
1292	-9.416	-9.103
1293	-7.821	-9.108
1294	-8.075	-9.198
1295	-9.456	-9.374
1296	-11.377	-9.528
1297	-9.618	-9.586
1298	-9.660	-9.595
1299	-8.893	-9.618
1300	-10.653	-9.651
1301	-9.502	-9.656
1302	-8.909	-9.662
1303	-10.363	-9.692
1304	-11.051	-9.674
1305	-9.079	-9.582
1306	-8.383	-9.509
1307	-10.488	-9.480
1308	-9.943	-9.415
1309	-8.372	-9.322
1310	-8.699	-9.278
1311	-9.072	-9.293
1312	-9.280	-9.335
1313	-10.109	-9.366
1314	-9.096	-9.368
1315	-9.424	-9.364
1316	-9.901	-9.350
1317	-9.051	-9.313
1318	-8.900	-9.286
1319	-9.883	-9.269
1320	-9.312	-9.228
1321	-9.475	-9.161
1322	-7.777	-9.108
1323	-8.162	-9.140
1324	-10.874	-9.211
1325	-10.334	-9.196
1326	-8.029	-9.109
1327	-6.398	-9.115
1328	-10.091	-9.265
1329	-10.928	-9.403
1330	-8.893	-9.457
1331	-9.845	-9.493
1332	-9.338	-9.531
1333	-10.279	-9.550
1334	-9.989	-9.527
1335	-8.393	-9.490
1336	-10.201	-9.478
1337	-10.218	-9.437
1338	-8.413	-9.364
1339	-9.783	-9.306
1340	-9.104	-9.252
1341	-9.062	-9.197
1342	-8.517	-9.168
1343	-7.822	-9.211
1344	-11.077	-9.294
1345	-8.048	-9.356
1346	-9.686	-9.433
1347	-10.932	-9.493
1348	-9.873	-9.465
1349	-8.072	-9.414
1350	-11.501	-9.366
1351	-9.293	-9.244
1352	-6.917	-9.121
1353	-8.967	-9.111
1354	-9.678	-9.150
1355	-9.092	-9.168
1356	-9.545	-9.167
1357	-9.709	-9.135
1358	-7.991	-9.092
1359	-8.239	-9.111
1360	-10.793	-9.161
1361	-9.792	-9.135
1362	-6.524	-9.099
1363	-9.383	-9.171
1364	-11.320	-9.245
1365	-9.194	-9.210
1366	-7.816	-9.157
1367	-9.914	-9.152
1368	-9.379	-9.137
1369	-7.718	-9.126
1370	-9.946	-9.160
1371	-7.655	-9.229
1372	-9.680	-9.349
1373	-11.105	-9.451
1374	-9.442	-9.462
1375	-8.172	-9.464
1376	-10.869	-9.498
1377	-8.885	-9.511
1378	-8.915	-9.536
1379	-10.213	-9.593
1380	-10.297	-9.617
1381	-9.449	-9.595
1382	-10.149	-9.549
1383	-10.541	-9.448
1384	-7.443	-9.325
1385	-8.495	-9.289
1386	-9.467	-9.336
1387	-9.820	-9.386
1388	-9.743	-9.403
1389	-10.776	-9.356
1390	-8.737	-9.242
1391	-8.574	-9.131
1392	-8.226	-9.083
1393	-9.664	-9.077
1394	-8.016	-9.089
1395	-9.139	-9.141
1396	-10.430	-9.189
1397	-7.316	-9.223
1398	-9.784	-9.309
1399	-10.360	-9.395
1400	-8.399	-9.447
1401	-10.175	-9.510
1402	-10.416	-9.545
1403	-10.820	-9.486
1404	-7.726	-9.380
1405	-8.865	-9.334
1406	-10.651	-9.321
1407	-10.479	-9.221
1408	-8.773	-9.031
1409	-7.684	-8.851
1410	-6.992	-8.782
1411	-9.617	-8.812
1412	-7.741	-8.874
1413	-9.200	-8.967
1414	-10.362	-9.044
1415	-8.617	-9.060
1416	-7.313	-9.111
1417	-9.470	-9.257
1418	-9.489	-9.436
1419	-10.860	-9.576
1420	-11.027	-9.614
1421	-9.578	-9.548
1422	-9.325	-9.448
1423	-9.812	-9.342
1424	-9.242	-9.215
1425	-7.316	-9.119
1426	-9.036	-9.116
1427	-8.202	-9.186
1428	-9.959	-9.292
1429	-10.567	-9.358
1430	-8.703	-9.363
1431	-10.366	-9.346
1432	-9.236	-9.295
1433	-9.082	-9.225
1434	-8.531	-9.181
1435	-9.613	-9.161
1436	-9.198	-9.133
1437	-8.195	-9.113
1438	-8.534	-9.154
1439	-10.741	-9.210
1440	-9.674	-9.193
1441	-9.063	-9.115
1442	-7.036	-9.078
1443	-9.537	-9.136
1444	-9.550	-9.216
1445	-8.164	-9.297
1446	-10.742	-9.393
1447	-9.976	-9.437
1448	-9.698	-9.412
1449	-9.092	-9.367
1450	-8.225	-9.356
1451	-9.288	-9.412
1452	-9.881	-9.493
1453	-10.177	-9.542
1454	-9.569	-9.549
1455	-10.288	-9.519
1456	-7.721	-9.495
1457	-9.046	-9.554
1458	-10.426	-9.663
1459	-11.091	-9.712
1460	-10.355	-9.656
1461	-9.470	-9.531
1462	-9.448	-9.390
1463	-8.547	-9.266
1464	-6.656	-9.242
1465	-10.553	-9.334
1466	-10.763	-9.396
1467	-10.040	-9.342
1468	-7.849	-9.253
1469	-8.042	-9.247
1470	-10.131	-9.317
1471	-9.329	-9.377
1472	-8.990	-9.430
1473	-10.493	-9.481
1474	-9.690	-9.487
1475	-10.259	-9.437
1476	-10.627	-9.307
1477	-7.341	-9.136
1478	-7.136	-9.070
1479	-9.568	-9.135
1480	-8.983	-9.233
1481	-10.364	-9.307
1482	-7.942	-9.370
1483	-10.011	-9.464
1484	-11.272	-9.522
1485	-8.356	-9.508
1486	-9.515	-9.508
1487	-10.618	-9.509
1488	-9.071	-9.463
1489	-9.121	-9.417
1490	-10.266	-9.373
1491	-8.856	-9.303
1492	-7.324	-9.282
1493	-10.729	-9.336
1494	-10.653	-9.335
1495	-7.416	-9.281
1496	-9.699	-9.276
1497	-10.444	-9.268
1498	-6.793	-9.251
1499	-9.698	-9.319
1500	-10.093	-9.413
1501	-10.309	-9.441
1502	-9.485	-9.406
1503	-9.323	-9.346
1504	-8.103	-9.316
1505	-9.589	-9.341
1506	-9.485	-9.381
1507	-8.434	-9.436
1508	-11.192	-9.495
1509	-10.516	-9.467
1510	-7.933	-9.381
1511	-10.835	-9.303
1512	-8.834	-9.193
1513	-8.747	-9.072
1514	-10.006	-8.948
1515	-7.488	-8.813
1516	-8.006	-8.737
1517	-10.009	-8.697
1518	-6.761	-8.658
1519	-7.784	-8.704
1520	-9.824	-8.818
1521	-8.781	-8.909
1522	-8.714	-8.987
1523	-9.370	-9.075
1524	-10.140	-9.129
1525	-9.450	-9.117
1526	-8.656	-9.073
1527	-8.982	-9.044
1528	-8.608	-9.039
1529	-8.157	-9.080
1530	-11.059	-9.130
1531	-7.761	-9.141
1532	-9.285	-9.170
1533	-10.744	-9.188
1534	-8.146	-9.151
1535	-9.444	-9.118
1536	-8.944	-9.096
1537	-7.541	-9.114
1538	-10.442	-9.183
1539	-8.424	-9.249
1540	-8.740	-9.340
1541	-11.648	-9.427
1542	-9.895	-9.404
1543	-7.804	-9.340
1544	-11.249	-9.291
1545	-8.588	-9.198
1546	-7.487	-9.127
1547	-9.881	-9.135
1548	-10.801	-9.105
1549	-7.128	-9.018
1550	-8.865	-8.986
1551	-9.294	-9.000
1552	-9.254	-8.996
1553	-8.760	-8.978
1554	-6.936	-9.016
1555	-11.034	-9.116
1556	-9.866	-9.153
1557	-7.187	-9.157
1558	-10.045	-9.220
1559	-9.693	-9.282
1560	-9.316	-9.301
1561	-7.904	-9.346
1562	-9.994	-9.449
1563	-10.425	-9.538
1564	-8.777	-9.590
1565	-11.716	-9.607
1566	-9.525	-9.540
1567	-8.534	-9.443
1568	-10.875	-9.354
1569	-9.281	-9.209
1570	-6.841	-9.079
1571	-7.478	-9.100
1572	-10.075	-9.238
1573	-9.920	-9.360
1574	-8.598	-9.455
1575	-10.530	-9.554
1576	-9.471	-9.630
1577	-9.953	-9.682
1578	-11.567	-9.677
1579	-7.385	-9.627
1580	-10.111	-9.631
1581	-11.575	-9.617
1582	-9.276	-9.498
1583	-8.428	-9.365
1584	-9.758	-9.273
1585	-8.988	-9.184
1586	-7.009	-9.147
1587	-9.651	-9.211
1588	-10.093	-9.287
1589	-8.774	-9.325
1590	-10.265	-9.347
1591	-8.604	-9.356
1592	-9.951	-9.364
1593	-9.993	-9.346
1594	-9.634	-9.272
1595	-10.068	-9.140
1596	-6.794	-9.009
1597	-8.804	-8.969
1598	-10.650	-8.950
1599	-7.366	-8.888
1600	-7.000	-8.908
1601	-9.012	-9.063
1602	-9.271	-9.269
1603	-10.867	-9.439
1604	-10.921	-9.503
1605	-9.692	-9.454
1606	-9.273	-9.359
1607	-8.708	-9.277
1608	-9.222	-9.225
1609	-9.439	-9.182
1610	-8.299	-9.147
1611	-9.335	-9.143
1612	-9.408	-9.144
1613	-7.684	-9.164
1614	-10.548	-9.219
1615	-9.066	-9.249
1616	-8.884	-9.264
1617	-10.062	-9.282
1618	-8.168	-9.300
1619	-10.875	-9.316
1620	-9.014	-9.289
1621	-9.367	-9.233
1622	-9.956	-9.158
1623	-8.070	-9.064
1624	-8.045	-9.024
1625	-10.652	-9.017
1626	-7.685	-8.986
1627	-7.495	-9.017
1628	-10.361	-9.126
1629	-9.845	-9.195
1630	-8.380	-9.222
1631	-10.118	-9.253
1632	-8.513	-9.280
1633	-7.419	-9.374
1634	-11.232	-9.542
1635	-10.313	-9.659
1636	-10.478	-9.680
1637	-10.300	-9.628
1638	-9.330	-9.527
1639	-9.178	-9.425
1640	-10.211	-9.318
1641	-7.526	-9.215
1642	-10.325	-9.145
1643	-9.070	-9.058
1644	-8.139	-8.961
1645	-7.499	-8.941
1646	-9.856	-8.993
1647	-9.091	-9.036
1648	-9.576	-9.041
1649	-6.949	-9.071
1650	-10.127	-9.170
1651	-10.950	-9.232
1652	-8.693	-9.196
1653	-7.217	-9.191
1654	-11.756	-9.235
1655	-9.742	-9.188
1656	-7.334	-9.094
1657	-7.593	-9.113
1658	-9.689	-9.241
1659	-10.890	-9.345
1660	-10.239	-9.339
1661	-8.427	-9.269
1662	-7.662	-9.260
1663	-8.802	-9.366
1664	-10.149	-9.524
1665	-11.430	-9.620
1666	-9.663	-9.608
1667	-9.252	-9.555
1668	-10.575	-9.489
1669	-7.875	-9.414
1670	-8.786	-9.405
1671	-9.338	-9.469
1672	-11.213	-9.513
1673	-8.769	-9.492
1674	-9.985	-9.452
1675	-9.423	-9.403
1676	-10.412	-9.312
1677	-7.664	-9.204
1678	-8.643	-9.159
1679	-9.773	-9.162
1680	-8.756	-9.159
1681	-6.905	-9.218
1682	-10.835	-9.366
1683	-11.153	-9.456
1684	-8.112	-9.458
1685	-9.433	-9.487
1686	-8.965	-9.567
1687	-11.263	-9.637
1688	-10.522	-9.619
1689	-8.913	-9.530
1690	-7.269	-9.505
1691	-10.957	-9.574
1692	-10.418	-9.609
1693	-9.565	-9.568
1694	-7.807	-9.551
1695	-11.759	-9.567
1696	-10.570	-9.489
1697	-7.722	-9.343
1698	-7.538	-9.294
1699	-10.945	-9.335
1700	-9.369	-9.337
1701	-8.841	-9.310
1702	-9.916	-9.289
1703	-7.806	-9.286
1704	-9.333	-9.341
1705	-11.561	-9.379
1706	-9.902	-9.293
1707	-6.286	-9.194
1708	-8.801	-9.238
1709	-10.294	-9.352
1710	-8.939	-9.442
1711	-10.611	-9.507
1712	-10.994	-9.491
1713	-8.711	-9.389
1714	-8.961	-9.291
1715	-10.322	-9.199
1716	-7.623	-9.096
1717	-8.082	-9.063
1718	-9.996	-9.093
1719	-10.045	-9.079
1720	-6.497	-9.057
1721	-10.011	-9.118
1722	-10.221	-9.171
1723	-7.419	-9.194
1724	-8.816	-9.292
1725	-11.836	-9.397
1726	-9.511	-9.388
1727	-7.876	-9.349
1728	-10.208	-9.360
1729	-9.564	-9.360
1730	-8.125	-9.359
1731	-11.007	-9.374
1732	-8.269	-9.366
1733	-9.220	-9.376
1734	-10.392	-9.396
1735	-9.606	-9.365
1736	-9.731	-9.285
1737	-8.147	-9.203
1738	-8.538	-9.178
1739	-9.834	-9.197
1740	-8.231	-9.224
1741	-8.827	-9.297
1742	-10.073	-9.402
1743	-10.407	-9.461
1744	-10.203	-9.436
1745	-9.303	-9.351
1746	-8.301	-9.273
1747	-9.928	-9.227
1748	-7.835	-9.205
1749	-8.220	-9.261
1750	-11.883	-9.339
1751	-8.402	-9.339
1752	-7.732	-9.363
1753	-11.531	-9.441
1754	-9.018	-9.465
1755	-8.742	-9.478
1756	-10.768	-9.508
1757	-8.804	-9.510
1758	-9.793	-9.510
1759	-11.702	-9.456
1760	-8.582	-9.301
1761	-8.121	-9.151
1762	-8.698	-9.080
1763	-8.385	-9.072
1764	-9.450	-9.099
1765	-8.551	-9.140
1766	-9.130	-9.204
1767	-10.233	-9.262
1768	-9.721	-9.262
1769	-9.097	-9.217
1770	-8.840	-9.176
1771	-8.785	-9.163
1772	-10.875	-9.135
1773	-6.988	-9.081
1774	-8.242	-9.110
1775	-11.097	-9.187
1776	-10.212	-9.164
1777	-7.019	-9.093
1778	-7.912	-9.130
1779	-10.848	-9.239
1780	-9.207	-9.301
1781	-8.687	-9.344
1782	-11.480	-9.369
1783	-9.185	-9.308
1784	-8.070	-9.229
1785	-9.472	-9.205
1786	-10.451	-9.163
1787	-7.496	-9.091
1788	-9.218	-9.062
1789	-9.985	-9.042
1790	-9.213	-8.965
1791	-6.003	-8.925
1792	-9.470	-9.013
1793	-11.116	-9.102
1794	-8.179	-9.101
1795	-8.971	-9.099
1796	-9.592	-9.115
1797	-9.324	-9.105
1798	-9.801	-9.053
1799	-8.765	-8.963
1800	-9.280	-8.853
1801	-6.856	-8.775
1802	-8.629	-8.787
1803	-9.369	-8.841
1804	-8.332	-8.887
1805	-9.535	-8.932
1806	-8.269	-8.978
1807	-9.470	-9.034
1808	-10.088	-9.061
1809	-8.288	-9.044
1810	-7.721	-9.072
1811	-9.271	-9.186
1812	-10.973	-9.286
1813	-8.777	-9.314
1814	-8.373	-9.350
1815	-10.974	-9.410
1816	-9.940	-9.402
1817	-6.491	-9.402
1818	-10.203	-9.516
1819	-11.028	-9.634
1820	-9.521	-9.669
1821	-8.994	-9.693
1822	-11.036	-9.723
1823	-10.657	-9.681
1824	-9.470	-9.559
1825	-8.207	-9.448
1826	-8.948	-9.413
1827	-10.367	-9.408
1828	-9.850	-9.355
1829	-8.757	-9.265
1830	-8.835	-9.198
1831	-8.750	-9.172
1832	-9.869	-9.158
1833	-7.813	-9.154
1834	-8.745	-9.210
1835	-10.146	-9.302
1836	-8.773	-9.378
1837	-10.588	-9.434
1838	-10.815	-9.413
1839	-8.527	-9.312
1840	-8.963	-9.221
1841	-9.672	-9.151
1842	-6.946	-9.115
1843	-9.807	-9.158
1844	-10.232	-9.197
1845	-7.964	-9.199
1846	-9.238	-9.237
1847	-10.350	-9.279
1848	-8.935	-9.276
1849	-9.162	-9.266
1850	-8.793	-9.281
1851	-8.805	-9.337
1852	-9.278	-9.436
1853	-10.003	-9.545
1854	-10.565	-9.610
1855	-11.106	-9.578
1856	-9.274	-9.450
1857	-7.692	-9.333
1858	-10.000	-9.286
1859	-9.009	-9.249
1860	-8.825	-9.217
1861	-10.663	-9.172
1862	-9.126	-9.062
1863	-6.836	-8.964
1864	-9.072	-8.968
1865	-10.110	-8.993
1866	-8.231	-8.978
1867	-9.685	-8.954
1868	-6.468	-8.975
1869	-9.089	-9.103
1870	-11.705	-9.233
1871	-9.034	-9.245
1872	-8.827	-9.216
1873	-10.035	-9.189
1874	-8.981	-9.135
1875	-7.258	-9.113
1876	-10.656	-9.150
1877	-10.422	-9.126
1878	-8.463	-9.012
1879	-6.827	-8.947
1880	-10.240	-8.970
1881	-9.938	-8.958
1882	-6.182	-8.934
1883	-9.809	-9.003
1884	-9.416	-9.093
1885	-8.361	-9.167
1886	-10.265	-9.247
1887	-11.044	-9.251
1888	-8.767	-9.150
1889	-7.543	-9.061
1890	-8.198	-9.080
1891	-10.095	-9.157
1892	-9.784	-9.195
1893	-8.897	-9.188
1894	-9.112	-9.181
1895	-9.409	-9.180
1896	-9.465	-9.161
1897	-8.272	-9.144
1898	-9.597	-9.151
1899	-9.322	-9.153
1900	-8.790	-9.145
1901	-9.231	-9.148
1902	-11.302	-9.101
1903	-7.474	-8.979
1904	-7.780	-8.906
1905	-10.996	-8.874
1906	-7.818	-8.787
1907	-7.749	-8.721
1908	-8.607	-8.730
1909	-10.502	-8.726
1910	-6.749	-8.684
1911	-9.035	-8.686
1912	-9.460	-8.700
1913	-8.143	-8.681
1914	-7.159	-8.708
1915	-8.631	-8.831
1916	-9.498	-8.991
1917	-10.022	-9.107
1918	-10.785	-9.123
1919	-8.556	-9.045
1920	-6.838	-9.005
1921	-9.425	-9.076
1922	-10.305	-9.155
1923	-9.301	-9.165
1924	-9.196	-9.137
1925	-9.929	-9.082
1926	-7.432	-9.023
1927	-7.577	-9.059
1928	-11.279	-9.156
1929	-10.656	-9.146
1930	-7.525	-9.046
1931	-7.880	-9.012
1932	-7.615	-9.110
1933	-11.091	-9.266
1934	-10.198	-9.347
1935	-8.515	-9.361
1936	-9.241	-9.399
1937	-10.453	-9.442
1938	-9.083	-9.446
1939	-8.224	-9.475
1940	-11.777	-9.520
1941	-9.168	-9.490
1942	-7.771	-9.463
1943	-11.161	-9.486
1944	-10.705	-9.436
1945	-8.907	-9.290
1946	-9.611	-9.119
1947	-7.459	-8.971
1948	-7.790	-8.915
1949	-9.351	-8.943
1950	-9.425	-8.967
1951	-10.241	-8.925
1952	-7.569	-8.837
1953	-7.307	-8.817
1954	-9.940	-8.879
1955	-9.475	-8.911
1956	-7.609	-8.921
1957	-8.348	-8.999
1958	-10.741	-9.101
1959	-9.041	-9.141
1960	-7.686	-9.181
1961	-9.507	-9.294
1962	-10.838	-9.397
1963	-9.803	-9.413
1964	-9.724	-9.364
1965	-8.762	-9.300
1966	-8.879	-9.265
1967	-9.287	-9.261
1968	-8.908	-9.275
1969	-8.948	-9.317
1970	-10.546	-9.356
1971	-10.019	-9.327
1972	-8.135	-9.262
1973	-9.350	-9.233
1974	-9.343	-9.224
1975	-9.894	-9.188
1976	-9.165	-9.112
1977	-7.606	-9.052
1978	-9.105	-9.062
1979	-7.516	-9.147
1980	-10.108	-9.292
1981	-10.294	-9.415
1982	-10.849	-9.438
1983	-8.587	-9.389
1984	-9.252	-9.346
1985	-9.956	-9.312
1986	-8.589	-9.266
1987	-9.478	-9.231
1988	-9.975	-9.180
1989	-8.341	-9.103
1990	-8.763	-9.051
1991	-9.313	-9.025
1992	-9.471	-8.980
1993	-7.902	-8.929
1994	-9.054	-8.914
1995	-9.137	-8.911
1996	-7.304	-8.935
1997	-10.035	-9.009
1998	-8.443	-9.089
1999	-8.290	-9.198
2000	-9.492	-9.366
