depth	true_age	age	sigma_age	ref	sigma_ref
0.0	2018.0				
6.0	1918.7978437385984	1921.0	2.0		
9.0	1894.198465665926	1899.0	3.0		
29.0	1788.919971840285	1784.0	5.0		
48.0	1657.3040566547547	1652.0	2.5		
65.0	1546.766582147256	1544.0	7.0		
80.0	1453.836131233676	1454.0	2.5		
113.0	1074.356699741179	1075.0	2.5		
113.0	1074.356699741179			-9.267482949462263	0.08
112.0	1097.4543500077393			-8.763314070051775	0.08
111.5	1113.6073136465657			-9.097774796323352	0.08
111.0	1129.7602772853918			-9.369877497298473	0.08
110.5	1145.9132409242181			-9.334803302263692	0.08
110.0	1159.5645558823578			-9.75293639208399	0.08
109.5	1172.5904586703257			-9.198470365135288	0.08
109.0	1185.6163614582938			-9.159429916257405	0.08
108.5	1198.6422642462617			-9.097333510082079	0.08
108.0	1209.6072437679193			-8.98685941520855	0.08
107.5	1212.3285302243346			-8.989189846670921	0.08
107.0	1215.0498166807497			-9.167613073801428	0.08
106.0	1220.4923895935801			-8.8264243092209	0.08
105.5	1223.2860541450832			-8.955263210565713	0.08
105.0	1226.127970759978			-9.284681180735681	0.08
104.5	1228.969887374873			-9.139256065344178	0.08
104.0	1231.811803989768			-9.366647828746055	0.08
103.5	1234.6537206046628			-9.370669060638836	0.08
103.0	1237.3039991620617			-9.552339876496331	0.08
102.5	1239.9542777194606			-9.567384910414393	0.08
102.0	1242.6045562768595			-9.51594635937704	0.08
101.5	1245.2548348342584			-9.745714172925938	0.08
101.0	1248.4304478371741			-9.732685489841714	0.08
100.5	1252.394062508365			-9.604450529171515	0.08
100.0	1256.357677179556			-9.690364154073325	0.08
99.5	1260.321291850747			-9.288407686425069	0.08
99.0	1264.2849065219377			-9.012489052239124	0.08
98.5	1267.704179788801			-9.277219985220437	0.08
98.0	1270.9873677045819			-9.397021656507734	0.08
97.5	1274.270555620363			-9.396037484484934	0.08
97.0	1277.553743536144			-9.191500021299245	0.08
96.5	1281.8383959885994			-9.191844319551464	0.08
96.0	1290.1289065877515			-9.142519676427485	0.08
95.5	1298.4194171869037			-9.55409893369072	0.08
95.0	1306.709927786056			-9.452016203520417	0.08
94.5	1315.000438385208			-9.495141327590622	0.08
94.0	1320.476562483097			-9.183764138445772	0.08
93.5	1324.0764289134772			-9.242367234936877	0.08
93.0	1327.6762953438574			-9.155589650319914	0.08
92.5	1331.2761617742376			-9.511961740037162	0.08
92.0	1334.8760282046178			-9.429988336276333	0.08
91.5	1337.2358339127502			-9.479017272390696	0.08
91.0	1339.5956396208824			-9.312140460282322	0.08
90.5	1341.9554453290148			-9.218972038451422	0.08
90.0	1344.3152510371472			-9.334639211242067	0.08
89.5	1346.3829758443762			-9.481838074772268	0.08
89.0	1348.01257930025			-9.376769207649092	0.08
88.5	1349.6421827561242			-9.467744279376442	0.08
88.0	1351.271786211998			-9.210591813758038	0.08
87.5	1352.901389667872			-9.211178567521006	0.08
87.0	1363.7646477398662			-9.348591604645394	0.08
86.5	1376.9363194658904			-9.564000915894407	0.08
86.0	1390.1079911919148			-9.356179592573968	0.08
85.5	1403.2796629179393			-9.449159181836553	0.08
85.0	1415.0178927985157			-9.125704605825709	0.08
84.5	1421.0223552973005			-9.594699033459284	0.08
84.0	1427.0268177960854			-9.159672878869172	0.08
83.5	1433.0312802948702			-9.107023340613916	0.08
83.0	1439.0357427936551			-9.25811465740275	0.08
82.5	1442.4322575544977			-9.264818032301047	0.08
82.0	1444.0901404900455			-9.26138232360162	0.08
81.5	1445.7480234255936			-9.375738944812381	0.08
81.0	1447.4059063611414			-9.343183794195706	0.08
80.5	1449.0637892966893			-9.374732918116365	0.08
80.0	1453.836131233676			-9.623921726224234	0.08
79.5	1458.608473170663			-9.625393674019413	0.08
79.0	1463.3808151076498			-9.176519109090394	0.08
78.5	1468.1531570446366			-9.27264323084496	0.08
78.0	1471.5381494504363			-9.387543753064662	0.08
77.5	1472.8421175594547			-9.44938443476056	0.08
77.0	1474.1460856684732			-9.279463533889803	0.08
76.5	1475.4500537774916			-9.430630704236737	0.08
76.0	1476.7540218865101			-9.215161607544768	0.08
75.5	1483.1243493272243			-9.48318696201975	0.08
75.0	1490.7612666008624			-9.266676520829131	0.08
74.0	1506.035101148139			-9.410385895272576	0.08
73.5	1512.5548029885672			-9.095283877027406	0.08
73.0	1514.6056430961548			-8.798432736626111	0.08
72.5	1516.6564832037427			-8.557493861388593	0.08
72.0	1518.7073233113306			-8.706098287084691	0.08
71.5	1520.7581634189182			-8.91482607424892	0.08
71.0	1522.3833956235612			-9.05018452298594	0.08
70.5	1523.7248892262407			-9.264278931653301	0.08
70.0	1525.0663828289203			-9.210514536945405	0.08
69.5	1526.4078764316			-9.052166378056349	0.08
69.0	1527.7493700342795			-9.030831588528587	0.08
68.5	1529.585204599984			-8.906875525099753	0.08
68.0	1531.4210391656886			-9.057719800318743	0.08
67.5	1533.2568737313932			-9.120019598016892	0.08
67.0	1535.0927082970977			-9.002151955101242	0.08
66.5	1537.4380176377836			-9.198373052523147	0.08
66.0	1540.547539140941			-9.435398765123006	0.08
65.5	1543.6570606440985			-9.369900236101698	0.08
65.0	1546.766582147256			-9.148560951754156	0.08
64.5	1549.8761036504136			-8.821855326875324	0.08
64.0	1553.2933759689315			-9.012698504333898	0.08
63.5	1556.7875859912895			-9.209741310988608	0.08
63.0	1560.2817960136474			-9.31288084227445	0.08
62.5	1563.7760060360056			-9.514379787646474	0.08
62.0	1566.9921605646732			-9.40830027522416	0.08
61.5	1569.0960931185796			-9.130912208629654	0.08
61.0	1571.2000256724862			-9.225299184912023	0.08
60.5	1573.3039582263925			-9.45960683479152	0.08
60.0	1575.4078907802989			-9.605249081367944	0.08
59.5	1577.1503729246822			-9.675631185658684	0.08
59.0	1578.651888129383			-9.537892262916214	0.08
58.5	1580.1534033340838			-9.731124959149144	0.08
58.0	1581.6549185387848			-9.489609632731542	0.08
57.5	1583.1564337434856			-9.35081712181162	0.08
57.0	1587.895870009261			-9.23184758863714	0.08
56.5	1592.6353062750363			-9.40604209906337	0.08
56.0	1597.3747425408117			-9.073931388094143	0.08
55.5	1602.114178806587			-9.19587040232341	0.08
55.0	1606.5932600264375			-9.288496108387037	0.08
54.5	1610.6818086774003			-9.299827720463481	0.08
54.0	1614.7703573283634			-9.187989826749376	0.08
53.5	1618.8589059793264			-9.394955837554813	0.08
53.0	1622.9474546302895			-9.078593034088186	0.08
52.5	1624.7551448412405			-9.021348238953188	0.08
52.0	1625.9926204421888			-9.094684164275327	0.08
51.5	1627.230096043137			-8.955397957974787	0.08
51.0	1628.4675716440854			-9.201334241782712	0.08
50.5	1630.628098262916			-9.113582856291206	0.08
50.0	1636.4808289532766			-9.617955721361762	0.08
49.5	1642.3335596436373			-9.076594743990123	0.08
49.0	1648.1862903339977			-9.026706623953825	0.08
48.5	1654.0390210243584			-9.077831502953519	0.08
48.0	1657.3040566547547			-9.234633592213934	0.08
47.5	1658.8439622451747			-9.392188281714729	0.08
47.0	1660.3838678355946			-9.366018717985943	0.08
46.5	1661.9237734260146			-9.170445925363	0.08
46.0	1663.4636790164345			-9.376439062508684	0.08
45.5	1666.0009717353205			-9.602257190864353	0.08
45.0	1668.5382644542062			-9.42843962685815	0.08
44.5	1671.0755571730922			-9.604502223756777	0.08
44.0	1673.6128498919782			-9.350306978264411	0.08
43.5	1676.1399649115883			-9.31551457484438	0.08
43.0	1678.6518133822854			-9.152282361461227	0.08
42.5	1681.1636618529824			-9.267162505583423	0.08
42.0	1683.6755103236794			-9.406132884205325	0.08
41.5	1686.1873587943765			-9.601893144102101	0.08
41.0	1694.0426795337787			-9.542879730024136	0.08
40.5	1703.2338683403573			-9.29248920857837	0.08
40.0	1712.4250571469358			-9.488815386551728	0.08
39.5	1721.6162459535146			-9.200044928685143	0.08
39.0	1729.3815508485793			-9.328837842315409	0.08
38.5	1731.443320097588			-9.340378418150742	0.08
38.0	1733.5050893465968			-9.327928323019536	0.08
37.5	1735.5668585956057			-9.204365757513099	0.08
37.0	1737.6286278446144			-9.286193791167667	0.08
36.5	1740.370008445937			-9.39829354994362	0.08
36.0	1743.5644632821352			-9.479605925498698	0.08
35.5	1746.7589181183337			-9.136929416406707	0.08
35.0	1749.953372954532			-9.339271608186921	0.08
34.5	1753.1478277907304			-9.592413359921554	0.08
34.0	1759.023799330668			-9.325486742424374	0.08
33.5	1764.8997708706054			-9.09617086029225	0.08
33.0	1770.775742410543			-9.28555338341689	0.08
32.5	1776.6517139504806			-9.184346484405367	0.08
32.0	1780.5973231253988			-9.316106311296041	0.08
31.5	1781.6473887527886			-9.40475028725745	0.08
31.0	1782.6974543801782			-9.337513535703371	0.08
30.5	1783.7475200075678			-9.207835460818075	0.08
30.0	1784.7975856349576			-9.209690166996824	0.08
29.5	1786.7464312403686			-8.998367087653689	0.08
29.0	1788.919971840285			-9.059092700539011	0.08
28.5	1791.0935124402015			-8.814415230490406	0.08
28.0	1793.2670530401178			-9.148642041884806	0.08
27.5	1796.5209701907447			-9.203191775405873	0.08
27.0	1804.0963935442137			-9.058893731007245	0.08
26.5	1811.671816897683			-9.322683540658375	0.08
26.0	1819.2472402511519			-9.635569361400307	0.08
25.5	1826.822663604621			-9.332688252651485	0.08
25.0	1830.5932152201492			-9.457044692242306	0.08
24.5	1831.8271856770502			-9.164038199857373	0.08
24.0	1833.0611561339513			-9.235423363966714	0.08
23.5	1834.295126590852			-9.181078154043103	0.08
23.0	1835.529097047753			-9.404299168642968	0.08
22.5	1839.9582744203587			-9.201286489800985	0.08
22.0	1844.3874517929642			-9.054277004094056	0.08
21.5	1848.8166291655698			-9.259490960860342	0.08
21.0	1853.2458065381754			-9.574966851545389	0.08
20.5	1856.3205660183728			-9.334633987934804	0.08
20.0	1857.3636986599577			-9.293065694660616	0.08
19.5	1858.4068313015428			-9.287498813297384	0.08
19.0	1859.4499639431278			-9.363216942372674	0.08
18.5	1860.493096584713			-9.2187836839027	0.08
18.0	1862.8415748917635			-9.113036538201746	0.08
17.5	1865.5163896151805			-8.969927265761974	0.08
17.0	1868.1912043385976			-8.954609231667913	0.08
16.5	1870.8660190620146			-9.239369363233122	0.08
16.0	1873.3250299039225			-9.025563752401188	0.08
15.5	1874.9208252197948			-9.206679925515294	0.08
15.0	1876.5166205356668			-9.106004843304495	0.08
14.5	1878.1124158515388			-9.002663419156905	0.08
14.0	1879.7082111674108			-9.058349264034122	0.08
13.5	1881.6055835269883			-8.904791469514056	0.08
13.0	1883.7040072490358			-9.00154755711835	0.08
12.5	1885.8024309710836			-9.142998846079134	0.08
12.0	1887.9008546931311			-9.174489845738089	0.08
11.5	1889.9992784151789			-9.030415430858385	0.08
11.0	1890.8914284336765			-9.202300394732012	0.08
10.5	1891.783578452174			-9.069401055537316	0.08
10.0	1892.6757284706716			-9.048366511917806	0.08
9.5	1893.567878489169			-9.172287825221664	0.08
9.0	1894.198465665926			-9.163426339118638	0.08
8.5	1894.4367085800723			-9.265829628374403	0.08
8.0	1894.6749514942182			-9.178859980442724	0.08
7.5	1894.9131944083642			-9.209696507703681	0.08
7.0	1895.1514373225104			-9.148622645346762	0.08
6.5	1905.6874227201213			-8.926361105775667	0.08
6.0	1918.7978437385984			-8.919901329047573	0.08
5.5	1931.9082647570756			-9.085883573056464	0.08
5.0	1945.0186857755527			-9.200435988725266	0.08
4.5	1956.3684284330723			-8.910235707761634	0.08
4.0	1960.6754576467617			-9.279975850053631	0.08
3.5	1964.9824868604512			-9.147840798634393	0.08
3.0	1969.2895160741407			-9.23912969503342	0.08
2.5	1973.5965452878302			-9.345373604433004	0.08
2.0	1980.886397368092			-9.4023397262316	0.08
1.5	1990.164798026069			-9.064717651247014	0.08
1.0	1999.4431986840461			-9.335820025522317	0.08
0.5	2008.721599342023				0.08
0.1	2016.1443198684046				0.08
