depth	true_age	age	sigma_age	ref	sigma_ref
0.0	1999.0				
420.0	-1201.230581592466	-1198.0	6.0		
850.0	-5281.239270661101	-5284.0	35.0		
980.0	-6207.306708064943			47.90683161954473	2.73
975.0	-6168.867218793816			47.0840746443872	3.03
970.0	-6130.427729522689			53.837175475641175	3.23
965.0	-6091.988240251563			46.03125487388652	2.61
960.0	-6053.548750980436			53.083542774750875	3.09
955.0	-6016.992277036197			52.12040934076324	2.61
950.0	-5980.4358030919575			49.91493115643849	2.55
945.0	-5943.879329147719			51.18611203955777	2.3
940.0	-5907.32285520348			54.4806888300638	2.3
935.0	-5831.808486288959			53.60287973534481	2.3
930.0	-5756.294117374438			50.76046795629285	2.3
925.0	-5680.779748459917			53.1791836090468	2.3
920.0	-5605.265379545396			50.82865037971889	2.31
915.0	-5579.987553213627			52.49822776331389	2.3
910.0	-5554.709726881858			54.085750579634926	2.3
905.0	-5529.431900550089			56.43162261119286	2.3
900.0	-5504.15407421832			59.51788214463993	2.3
895.0	-5493.168197608907			56.527157423189216	2.3
890.0	-5482.182320999495			56.41513522445526	2.3
885.0	-5471.1964443900815			58.40277525571155	2.3
880.0	-5460.2105677806685			57.73839983197729	3.55
875.0	-5440.9013679671525			50.86217359539964	3.55
870.0	-5421.5921681536365			54.744208820769785	3.55
865.0	-5402.2829683401205			52.5563320715325	3.55
860.0	-5382.9737685266045			59.62024617356792	3.55
855.0	-5332.106519593853			61.518561655500655	3.09
850.0	-5281.239270661101			59.98655391463758	3.36
845.0	-5230.372021728348			55.4494608719279	3.03
840.0	-5179.504772795596			60.88438808671896	2.49
835.0	-5155.379193906583			56.3982552323486	2.61
830.0	-5131.253615017569			59.32017782538146	2.37
825.0	-5107.128036128556			55.32173176356369	2.55
820.0	-5083.002457239543			54.67871649915193	2.3
815.0	-5053.8795202960355			54.16617792610283	2.3
810.0	-5024.756583352528			57.60412823487571	2.3
805.0	-4995.633646409019			56.718736815655305	2.3
800.0	-4966.510709465511			59.79505647056611	2.3
795.0	-4954.383267534132			56.10576727100635	2.3
790.0	-4942.255825602752			60.362493706895194	2.3
785.0	-4930.128383671373			57.93212672389819	2.3
780.0	-4918.000941739993			62.30194626708771	2.3
775.0	-4895.912897379035			61.778483421455405	2.3
770.0	-4873.824853018075			58.79678122083417	2.3
765.0	-4851.736808657117			59.792256783360614	2.3
760.0	-4829.648764296158			60.475574543134535	2.3
755.0	-4529.0266991776625			62.986800960569546	2.3
750.0	-4228.404634059168			61.83268279489991	2.3
745.0	-3927.7825689406723			65.41385796362754	2.3
740.0	-3627.160503822177			57.61654669266305	2.67
735.0	-3608.4532103740594			53.041296164083974	2.91
730.0	-3589.7459169259423			59.077746052516545	2.61
725.0	-3571.0386234778252			57.7623144338392	2.42
720.0	-3552.3313300297077			59.84441449551731	2.97
715.0	-3532.319116348761			59.14550070154919	3.68
710.0	-3512.306902667814			57.21367613555371	3.36
705.0	-3492.294688986867			56.75537499794228	2.61
700.0	-3472.2824753059203			56.72811636039446	2.3
695.0	-3374.195247433333			51.149042841929216	3.23
690.0	-3276.108019560745			47.05782224296351	3.74
685.0	-3178.0207916881573			49.903806878870405	3.17
680.0	-3079.93356381557			53.13238787282898	2.61
675.0	-3005.2583809443518			45.31315852016942	3.29
670.0	-2930.5831980731336			50.677643873527444	3.29
665.0	-2855.9080152019155			49.84329545579068	2.55
660.0	-2781.2328323306974			51.82518943635232	2.3
655.0	-2736.265717188492			50.3423447224348	2.3
650.0	-2691.2986020462863			52.85405153525457	2.73
645.0	-2646.3314869040805			51.66406461142693	2.97
640.0	-2601.364371761875			56.80269952411157	2.31
635.0	-2570.8640275562857			54.27415891268716	2.3
630.0	-2540.3636833506966			55.23683748416249	2.42
625.0	-2509.8633391451076			56.55497313310497	2.85
620.0	-2479.362994939518			52.111209459426405	2.61
615.0	-2387.064540572736			55.828179571017515	2.91
610.0	-2294.766086205954			66.37867745755543	3.42
605.0	-2202.4676318391716			63.18403940602127	3.09
600.0	-2110.1691774723895			62.65416075705134	3.09
595.0	-2069.4715652755335			65.45366935650011	2.67
590.0	-2028.7739530786776			60.942178250909436	2.3
585.0	-1988.0763408818216			60.535586097776175	2.55
580.0	-1947.3787286849656			60.54164132454995	2.91
575.0	-1936.7577217277499			57.36364281305669	2.3
570.0	-1926.1367147705341			63.544123640692135	2.3
565.0	-1915.5157078133184			60.8406263232912	2.3
560.0	-1904.8947008561026			60.88621698392861	2.73
555.0	-1892.1383974205417			60.33579972458277	2.31
550.0	-1879.3820939849807			59.516604679808836	2.3
545.0	-1866.6257905494197			55.46896254894037	2.3
540.0	-1853.8694871138587			60.64842809284524	2.3
535.0	-1825.897994594172			65.22496078600463	2.55
530.0	-1797.9265020744851			61.279133093147664	2.3
525.0	-1769.9550095547984			56.942976052081	2.49
520.0	-1741.9835170351116			54.58099517503469	2.3
515.0	-1729.810612246416			56.41215571418523	2.3
510.0	-1717.6377074577204			56.96863539424041	2.3
505.0	-1705.4648026690247			55.69844273665927	2.3
500.0	-1693.291897880329			57.87530885578917	2.3
495.0	-1653.7615435219227			54.00398875689658	2.3
490.0	-1614.231189163516			59.24572581526597	2.3
485.0	-1574.7008348051095			57.72408257527204	2.3
480.0	-1535.170480446703			56.90283909084638	2.3
475.0	-1526.3133249367984			57.96221823647944	2.3
470.0	-1517.456169426894			59.835809356652675	2.3
465.0	-1508.5990139169894			61.139124387938274	2.3
460.0	-1499.7418584070847			59.82987476110438	2.3
455.0	-1461.160012215495			61.752406697608926	2.3
450.0	-1422.5781660239056			65.70037353823271	2.3
445.0	-1383.9963198323162			56.007456750602174	2.3
440.0	-1345.4144736407266			54.82955814153829	2.3
435.0	-1309.3685006286614			60.3399887615182	2.3
430.0	-1273.3225276165963			58.56396483621582	2.3
425.0	-1237.2765546045312			61.21144947598474	2.3
420.0	-1201.230581592466			56.63242062134223	2.3
415.0	-1193.9926817590058			60.47445162380173	2.3
410.0	-1186.7547819255453			62.926413535162965	2.3
405.0	-1179.5168820920849			62.19868851823704	2.3
400.0	-1172.2789822586246			56.706926818467835	2.37
395.0	-1116.1847975860246			56.168617627452576	2.3
390.0	-1060.0906129134244			56.29438441219794	2.37
385.0	-1003.9964282408242			57.88805288547851	2.61
380.0	-947.9022435682241			47.89039936143672	3.36
375.0	-925.1580141541011			46.95269740766825	3.88
370.0	-902.4137847399782			53.960969670003834	3.48
365.0	-879.6695553258552			48.474432174437325	3.23
360.0	-856.9253259117322			46.036722311309774	3.42
355.0	-823.505939258815			53.70220459481283	2.91
350.0	-790.0865526058979			46.70441476542027	2.73
345.0	-756.6671659529807			49.31461324199796	3.55
340.0	-723.2477793000635			54.11721769576482	2.61
335.0	-687.7449949893887			51.049086273100876	2.3
330.0	-652.242210678714			57.57226206804108	3.42
325.0	-616.7394263680392			53.34526807279913	2.85
320.0	-581.2366420573644			60.05128632053613	2.85
315.0	-566.3608000604069			59.36054344508708	2.91
310.0	-551.4849580634493			61.81781311842134	2.42
305.0	-536.6091160664918			57.27847229980515	2.3
300.0	-521.7332740695342			56.958570988629205	2.3
295.0	-462.1217194585022			57.154107092045024	2.79
290.0	-402.51016484747015			61.32598037788106	2.61
285.0	-342.8986102364381			57.65223594711824	2.3
280.0	-283.2870556254061			59.052878235950445	2.3
275.0	-199.9213336280868			63.18451846911681	2.61
270.0	-116.55561163076754			56.83404042022248	2.73
265.0	-33.189889633448274			53.5977492788077	2.3
260.0	50.175832363870995			52.06205738457243	2.3
255.0	100.33989770006667			55.35656697494709	2.3
250.0	150.50396303626235			49.90330988850914	2.3
245.0	200.66802837245802			50.09052178208836	2.3
240.0	250.8320937086537			51.934937540664365	2.3
235.0	269.83118240426893			57.54458788237992	2.3
230.0	288.83027109988416			55.0456710405248	2.3
225.0	307.8293597954994			52.95640534884387	2.3
220.0	326.8284484911146			54.59293932128096	2.3
215.0	351.4613738883858			56.93385770867301	2.3
210.0	376.09429928565703			59.61975809719709	2.3
205.0	400.72722468292824			53.93936660539943	2.3
200.0	425.36015008019945			60.83415365748909	2.3
195.0	463.9414901089129			59.62807826081924	2.3
190.0	502.52283013762633			56.533963654622696	2.3
185.0	541.1041701663398			58.26060907578035	2.3
180.0	579.6855101950532			60.83599409156451	2.3
175.0	720.120964522724			56.43033311806305	2.3
170.0	860.5564188503947			60.00189438629053	2.67
165.0	1000.9918731780655			56.6216381897848	2.55
160.0	1141.4273275057362			55.29296018967374	2.55
155.0	1153.5908995533634			65.80239666441064	2.37
150.0	1165.7544716009907			60.59885243908472	2.55
145.0	1177.9180436486176			60.69069001564178	2.37
140.0	1190.0816156962449			61.141888673453636	2.3
135.0	1208.3665534861625			62.71993645248962	2.3
130.0	1226.6514912760804			61.50129684687574	2.3
125.0	1244.936429065998			56.42837932279171	2.3
120.0	1263.2213668559157			57.931313464796865	2.3
115.0	1296.654046328014			56.721196727093925	2.3
110.0	1330.0867258001122			56.72462008226024	2.3
105.0	1363.5194052722102			52.8495941718572	2.49
100.0	1396.9520847443084			54.677143274385735	2.3
95.0	1434.6585498361999			54.51418065691152	2.37
90.0	1472.3650149280911			57.64835829045657	2.97
85.0	1510.0714800199826			44.53535476063853	3.09
80.0	1547.777945111874			51.57866749168085	2.73
75.0	1559.2494455980284			51.61266154593563	2.3
70.0	1570.7209460841827			51.944181331428965	2.31
65.0	1582.1924465703373			50.13544403413402	3.96
60.0	1593.6639470564917			46.76781090685156	3.96
55.0	1601.7653093444437			52.5327751113624	3.96
50.0	1609.866671632396			51.192762015747235	3.96
45.0	1617.9680339203483			46.382288940681676	3.96
40.0	1626.0693962083003			44.29521192783201	3.96
35.0	1661.1842675291216			52.41842485977945	3.96
30.0	1696.299138849943			45.412844967914005	3.96
25.0	1731.4140101707642			50.30133148591685	3.96
20.0	1766.5288814915855			52.87255125013243	3.96
15.0	1824.646661118689			47.58870684067189	3.96
