	Year	ref
0	1001	-8.081
1	1002	-11.379
2	1003	-9.736
3	1004	-8.731
4	1005	-9.47
5	1006	-9.809
6	1007	-7.291
7	1008	-7.896
8	1009	-10.582
9	1010	-7.766
10	1011	-9.2
11	1012	-11.512
12	1013	-9.786
13	1014	-9.034
14	1015	-10.831
15	1016	-10.879
16	1017	-7.047
17	1018	-8.494
18	1019	-7.158
19	1020	-10.073
20	1021	-10.212
21	1022	-9.609
22	1023	-8.354
23	1024	-10.774
24	1025	-9.632
25	1026	-7.014
26	1027	-10.754
27	1028	-9.598
28	1029	-9.228
29	1030	-8.606
30	1031	-8.332
31	1032	-11.653
32	1033	-8.014
33	1034	-8.424
34	1035	-10.977
35	1036	-11.175
36	1037	-10.166
37	1038	-9.803
38	1039	-8.539
39	1040	-9.647
40	1041	-8.817
41	1042	-8.019
42	1043	-9.797
43	1044	-8.212
44	1045	-10.08
45	1046	-10.187
46	1047	-7.954
47	1048	-10.57
48	1049	-9.003
49	1050	-9.708
50	1051	-11.291
51	1052	-11.068
52	1053	-10.034
53	1054	-7.988
54	1055	-6.68
55	1056	-9.584
56	1057	-9.102
57	1058	-8.177
58	1059	-7.968
59	1060	-8.943
60	1061	-10.582
61	1062	-8.907
62	1063	-10.125
63	1064	-9.686
64	1065	-10.598
65	1066	-10.103
66	1067	-9.685
67	1068	-9.627
68	1069	-9.263
69	1070	-10.266
70	1071	-10.619
71	1072	-7.997
72	1073	-9.551
73	1074	-10.323
74	1075	-8.305
75	1076	-8.193
76	1077	-8.997
77	1078	-9.236
78	1079	-8.247
79	1080	-7.952
80	1081	-10.809
81	1082	-10.456
82	1083	-6.562
83	1084	-9.235
84	1085	-10.433
85	1086	-8.121
86	1087	-8.405
87	1088	-10.078
88	1089	-8.196
89	1090	-7.724
90	1091	-9.791
91	1092	-9.853
92	1093	-10.084
93	1094	-8.771
94	1095	-8.255
95	1096	-6.667
96	1097	-9.881
97	1098	-9.273
98	1099	-8.453
99	1100	-9.288
100	1101	-7.642
101	1102	-7.454
102	1103	-9.477
103	1104	-8.148
104	1105	-8.481
105	1106	-9.899
106	1107	-10.898
107	1108	-8.691
108	1109	-8.449
109	1110	-10.952
110	1111	-8.27
111	1112	-10.004
112	1113	-8.496
113	1114	-7.035
114	1115	-10.629
115	1116	-9.251
116	1117	-9.46
117	1118	-9.911
118	1119	-8.433
119	1120	-10.41
120	1121	-9.039
121	1122	-8.032
122	1123	-9.609
123	1124	-9.57
124	1125	-9.88
125	1126	-8.969
126	1127	-9.297
127	1128	-9.689
128	1129	-9.098
129	1130	-11.926
130	1131	-9.952
131	1132	-7.252
132	1133	-8.167
133	1134	-10.839
134	1135	-9.121
135	1136	-7.065
136	1137	-8.135
137	1138	-10.468
138	1139	-8.069
139	1140	-8.796
140	1141	-8.273
141	1142	-11.158
142	1143	-10.588
143	1144	-9.112
144	1145	-9.296
145	1146	-9.833
146	1147	-6.288
147	1148	-10.686
148	1149	-10.554
149	1150	-10.417
150	1151	-9.043
151	1152	-9.233
152	1153	-8.797
153	1154	-8.758
154	1155	-9.3
155	1156	-8.244
156	1157	-10.117
157	1158	-10.168
158	1159	-10.37
159	1160	-11.011
160	1161	-9.868
161	1162	-9.319
162	1163	-10.077
163	1164	-8.691
164	1165	-9.124
165	1166	-10.712
166	1167	-6.263
167	1168	-7.934
168	1169	-11.127
169	1170	-8.964
170	1171	-8.29
171	1172	-10.323
172	1173	-7.85
173	1174	-10.077
174	1175	-10.16
175	1176	-9.028
176	1177	-7.027
177	1178	-10.908
178	1179	-8.42
179	1180	-9.046
180	1181	-10.319
181	1182	-7.716
182	1183	-10.209
183	1184	-9.901
184	1185	-7.898
185	1186	-8.427
186	1187	-9.811
187	1188	-8.075
188	1189	-7.05
189	1190	-10.315
190	1191	-10.696
191	1192	-9.333
192	1193	-9.362
193	1194	-9.971
194	1195	-8.624
195	1196	-9.694
196	1197	-9.26
197	1198	-9.604
198	1199	-8.279
199	1200	-9.241
200	1201	-8.538
201	1202	-8.738
202	1203	-9.419
203	1204	-11.18
204	1205	-10.231
205	1206	-8.666
206	1207	-9.788
207	1208	-8.455
208	1209	-8.425
209	1210	-8.158
210	1211	-9.724
211	1212	-9.861
212	1213	-8.533
213	1214	-8.477
214	1215	-10.439
215	1216	-8.796
216	1217	-8.761
217	1218	-8.571
218	1219	-9.029
219	1220	-8.638
220	1221	-7.408
221	1222	-10.061
222	1223	-9.175
223	1224	-7.225
224	1225	-10.06
225	1226	-10.4
226	1227	-8.76
227	1228	-8.686
228	1229	-8.216
229	1230	-9.74
230	1231	-10.667
231	1232	-8.36
232	1233	-9.291
233	1234	-9.082
234	1235	-9.736
235	1236	-10.381
236	1237	-9.075
237	1238	-8.438
238	1239	-9.596
239	1240	-10.453
240	1241	-9.593
241	1242	-8.889
242	1243	-8.609
243	1244	-9.588
244	1245	-9.941
245	1246	-10.375
246	1247	-8.428
247	1248	-10.698
248	1249	-10.859
249	1250	-8.828
250	1251	-8.185
251	1252	-11.905
252	1253	-9.085
253	1254	-8.78
254	1255	-10.47
255	1256	-9.497
256	1257	-9.677
257	1258	-10.308
258	1259	-11.239
259	1260	-8.98
260	1261	-7.519
261	1262	-9.69
262	1263	-8.123
263	1264	-8.521
264	1265	-9.757
265	1266	-9.277
266	1267	-7.434
267	1268	-11.049
268	1269	-9.688
269	1270	-9.797
270	1271	-8.662
271	1272	-10.286
272	1273	-9.02
273	1274	-9.1
274	1275	-7.689
275	1276	-11.086
276	1277	-9.75
277	1278	-7.259
278	1279	-10.25
279	1280	-10.242
280	1281	-7.091
281	1282	-7.589
282	1283	-10.861
283	1284	-11.467
284	1285	-10.443
285	1286	-6.572
286	1287	-8.067
287	1288	-9.751
288	1289	-10.352
289	1290	-7.672
290	1291	-9.646
291	1292	-9.416
292	1293	-7.821
293	1294	-8.075
294	1295	-9.456
295	1296	-11.377
296	1297	-9.618
297	1298	-9.66
298	1299	-8.893
299	1300	-10.653
300	1301	-9.502
301	1302	-8.909
302	1303	-10.363
303	1304	-11.051
304	1305	-9.079
305	1306	-8.383
306	1307	-10.488
307	1308	-9.943
308	1309	-8.372
309	1310	-8.699
310	1311	-9.072
311	1312	-9.28
312	1313	-10.109
313	1314	-9.096
314	1315	-9.424
315	1316	-9.901
316	1317	-9.051
317	1318	-8.9
318	1319	-9.883
319	1320	-9.312
320	1321	-9.475
321	1322	-7.777
322	1323	-8.162
323	1324	-10.874
324	1325	-10.334
325	1326	-8.029
326	1327	-6.398
327	1328	-10.091
328	1329	-10.928
329	1330	-8.893
330	1331	-9.845
331	1332	-9.338
332	1333	-10.279
333	1334	-9.989
334	1335	-8.393
335	1336	-10.201
336	1337	-10.218
337	1338	-8.413
338	1339	-9.783
339	1340	-9.104
340	1341	-9.062
341	1342	-8.517
342	1343	-7.822
343	1344	-11.077
344	1345	-8.048
345	1346	-9.686
346	1347	-10.932
347	1348	-9.873
348	1349	-8.072
349	1350	-11.501
350	1351	-9.293
351	1352	-6.917
352	1353	-8.967
353	1354	-9.678
354	1355	-9.092
355	1356	-9.545
356	1357	-9.709
357	1358	-7.991
358	1359	-8.239
359	1360	-10.793
360	1361	-9.792
361	1362	-6.524
362	1363	-9.383
363	1364	-11.32
364	1365	-9.194
365	1366	-7.816
366	1367	-9.914
367	1368	-9.379
368	1369	-7.718
369	1370	-9.946
370	1371	-7.655
371	1372	-9.68
372	1373	-11.105
373	1374	-9.442
374	1375	-8.172
375	1376	-10.869
376	1377	-8.885
377	1378	-8.915
378	1379	-10.213
379	1380	-10.297
380	1381	-9.449
381	1382	-10.149
382	1383	-10.541
383	1384	-7.443
384	1385	-8.495
385	1386	-9.467
386	1387	-9.82
387	1388	-9.743
388	1389	-10.776
389	1390	-8.737
390	1391	-8.574
391	1392	-8.226
392	1393	-9.664
393	1394	-8.016
394	1395	-9.139
395	1396	-10.43
396	1397	-7.316
397	1398	-9.784
398	1399	-10.36
399	1400	-8.399
400	1401	-10.175
401	1402	-10.416
402	1403	-10.82
403	1404	-7.726
404	1405	-8.865
405	1406	-10.651
406	1407	-10.479
407	1408	-8.773
408	1409	-7.684
409	1410	-6.992
410	1411	-9.617
411	1412	-7.741
412	1413	-9.2
413	1414	-10.362
414	1415	-8.617
415	1416	-7.313
416	1417	-9.47
417	1418	-9.489
418	1419	-10.86
419	1420	-11.027
420	1421	-9.578
421	1422	-9.325
422	1423	-9.812
423	1424	-9.242
424	1425	-7.316
425	1426	-9.036
426	1427	-8.202
427	1428	-9.959
428	1429	-10.567
429	1430	-8.703
430	1431	-10.366
431	1432	-9.236
432	1433	-9.082
433	1434	-8.531
434	1435	-9.613
435	1436	-9.198
436	1437	-8.195
437	1438	-8.534
438	1439	-10.741
439	1440	-9.674
440	1441	-9.063
441	1442	-7.036
442	1443	-9.537
443	1444	-9.55
444	1445	-8.164
445	1446	-10.742
446	1447	-9.976
447	1448	-9.698
448	1449	-9.092
449	1450	-8.225
450	1451	-9.288
451	1452	-9.881
452	1453	-10.177
453	1454	-9.569
454	1455	-10.288
455	1456	-7.721
456	1457	-9.046
457	1458	-10.426
458	1459	-11.091
459	1460	-10.355
460	1461	-9.47
461	1462	-9.448
462	1463	-8.547
463	1464	-6.656
464	1465	-10.553
465	1466	-10.763
466	1467	-10.04
467	1468	-7.849
468	1469	-8.042
469	1470	-10.131
470	1471	-9.329
471	1472	-8.99
472	1473	-10.493
473	1474	-9.69
474	1475	-10.259
475	1476	-10.627
476	1477	-7.341
477	1478	-7.136
478	1479	-9.568
479	1480	-8.983
480	1481	-10.364
481	1482	-7.942
482	1483	-10.011
483	1484	-11.272
484	1485	-8.356
485	1486	-9.515
486	1487	-10.618
487	1488	-9.071
488	1489	-9.121
489	1490	-10.266
490	1491	-8.856
491	1492	-7.324
492	1493	-10.729
493	1494	-10.653
494	1495	-7.416
495	1496	-9.699
496	1497	-10.444
497	1498	-6.793
498	1499	-9.698
499	1500	-10.093
500	1501	-10.309
501	1502	-9.485
502	1503	-9.323
503	1504	-8.103
504	1505	-9.589
505	1506	-9.485
506	1507	-8.434
507	1508	-11.192
508	1509	-10.516
509	1510	-7.933
510	1511	-10.835
511	1512	-8.834
512	1513	-8.747
513	1514	-10.006
514	1515	-7.488
515	1516	-8.006
516	1517	-10.009
517	1518	-6.761
518	1519	-7.784
519	1520	-9.824
520	1521	-8.781
521	1522	-8.714
522	1523	-9.37
523	1524	-10.14
524	1525	-9.45
525	1526	-8.656
526	1527	-8.982
527	1528	-8.608
528	1529	-8.157
529	1530	-11.059
530	1531	-7.761
531	1532	-9.285
532	1533	-10.744
533	1534	-8.146
534	1535	-9.444
535	1536	-8.944
536	1537	-7.541
537	1538	-10.442
538	1539	-8.424
539	1540	-8.74
540	1541	-11.648
541	1542	-9.895
542	1543	-7.804
543	1544	-11.249
544	1545	-8.588
545	1546	-7.487
546	1547	-9.881
547	1548	-10.801
548	1549	-7.128
549	1550	-8.865
550	1551	-9.294
551	1552	-9.254
552	1553	-8.76
553	1554	-6.936
554	1555	-11.034
555	1556	-9.866
556	1557	-7.187
557	1558	-10.045
558	1559	-9.693
559	1560	-9.316
560	1561	-7.904
561	1562	-9.994
562	1563	-10.425
563	1564	-8.777
564	1565	-11.716
565	1566	-9.525
566	1567	-8.534
567	1568	-10.875
568	1569	-9.281
569	1570	-6.841
570	1571	-7.478
571	1572	-10.075
572	1573	-9.92
573	1574	-8.598
574	1575	-10.53
575	1576	-9.471
576	1577	-9.953
577	1578	-11.567
578	1579	-7.385
579	1580	-10.111
580	1581	-11.575
581	1582	-9.276
582	1583	-8.428
583	1584	-9.758
584	1585	-8.988
585	1586	-7.009
586	1587	-9.651
587	1588	-10.093
588	1589	-8.774
589	1590	-10.265
590	1591	-8.604
591	1592	-9.951
592	1593	-9.993
593	1594	-9.634
594	1595	-10.068
595	1596	-6.794
596	1597	-8.804
597	1598	-10.65
598	1599	-7.366
599	1600	-7.0
600	1601	-9.012
601	1602	-9.271
602	1603	-10.867
603	1604	-10.921
604	1605	-9.692
605	1606	-9.273
606	1607	-8.708
607	1608	-9.222
608	1609	-9.439
609	1610	-8.299
610	1611	-9.335
611	1612	-9.408
612	1613	-7.684
613	1614	-10.548
614	1615	-9.066
615	1616	-8.884
616	1617	-10.062
617	1618	-8.168
618	1619	-10.875
619	1620	-9.014
620	1621	-9.367
621	1622	-9.956
622	1623	-8.07
623	1624	-8.045
624	1625	-10.652
625	1626	-7.685
626	1627	-7.495
627	1628	-10.361
628	1629	-9.845
629	1630	-8.38
630	1631	-10.118
631	1632	-8.513
632	1633	-7.419
633	1634	-11.232
634	1635	-10.313
635	1636	-10.478
636	1637	-10.3
637	1638	-9.33
638	1639	-9.178
639	1640	-10.211
640	1641	-7.526
641	1642	-10.325
642	1643	-9.07
643	1644	-8.139
644	1645	-7.499
645	1646	-9.856
646	1647	-9.091
647	1648	-9.576
648	1649	-6.949
649	1650	-10.127
650	1651	-10.95
651	1652	-8.693
652	1653	-7.217
653	1654	-11.756
654	1655	-9.742
655	1656	-7.334
656	1657	-7.593
657	1658	-9.689
658	1659	-10.89
659	1660	-10.239
660	1661	-8.427
661	1662	-7.662
662	1663	-8.802
663	1664	-10.149
664	1665	-11.43
665	1666	-9.663
666	1667	-9.252
667	1668	-10.575
668	1669	-7.875
669	1670	-8.786
670	1671	-9.338
671	1672	-11.213
672	1673	-8.769
673	1674	-9.985
674	1675	-9.423
675	1676	-10.412
676	1677	-7.664
677	1678	-8.643
678	1679	-9.773
679	1680	-8.756
680	1681	-6.905
681	1682	-10.835
682	1683	-11.153
683	1684	-8.112
684	1685	-9.433
685	1686	-8.965
686	1687	-11.263
687	1688	-10.522
688	1689	-8.913
689	1690	-7.269
690	1691	-10.957
691	1692	-10.418
692	1693	-9.565
693	1694	-7.807
694	1695	-11.759
695	1696	-10.57
696	1697	-7.722
697	1698	-7.538
698	1699	-10.945
699	1700	-9.369
700	1701	-8.841
701	1702	-9.916
702	1703	-7.806
703	1704	-9.333
704	1705	-11.561
705	1706	-9.902
706	1707	-6.286
707	1708	-8.801
708	1709	-10.294
709	1710	-8.939
710	1711	-10.611
711	1712	-10.994
712	1713	-8.711
713	1714	-8.961
714	1715	-10.322
715	1716	-7.623
716	1717	-8.082
717	1718	-9.996
718	1719	-10.045
719	1720	-6.497
720	1721	-10.011
721	1722	-10.221
722	1723	-7.419
723	1724	-8.816
724	1725	-11.836
725	1726	-9.511
726	1727	-7.876
727	1728	-10.208
728	1729	-9.564
729	1730	-8.125
730	1731	-11.007
731	1732	-8.269
732	1733	-9.22
733	1734	-10.392
734	1735	-9.606
735	1736	-9.731
736	1737	-8.147
737	1738	-8.538
738	1739	-9.834
739	1740	-8.231
740	1741	-8.827
741	1742	-10.073
742	1743	-10.407
743	1744	-10.203
744	1745	-9.303
745	1746	-8.301
746	1747	-9.928
747	1748	-7.835
748	1749	-8.22
749	1750	-11.883
750	1751	-8.402
751	1752	-7.732
752	1753	-11.531
753	1754	-9.018
754	1755	-8.742
755	1756	-10.768
756	1757	-8.804
757	1758	-9.793
758	1759	-11.702
759	1760	-8.582
760	1761	-8.121
761	1762	-8.698
762	1763	-8.385
763	1764	-9.45
764	1765	-8.551
765	1766	-9.13
766	1767	-10.233
767	1768	-9.721
768	1769	-9.097
769	1770	-8.84
770	1771	-8.785
771	1772	-10.875
772	1773	-6.988
773	1774	-8.242
774	1775	-11.097
775	1776	-10.212
776	1777	-7.019
777	1778	-7.912
778	1779	-10.848
779	1780	-9.207
780	1781	-8.687
781	1782	-11.48
782	1783	-9.185
783	1784	-8.07
784	1785	-9.472
785	1786	-10.451
786	1787	-7.496
787	1788	-9.218
788	1789	-9.985
789	1790	-9.213
790	1791	-6.003
791	1792	-9.47
792	1793	-11.116
793	1794	-8.179
794	1795	-8.971
795	1796	-9.592
796	1797	-9.324
797	1798	-9.801
798	1799	-8.765
799	1800	-9.28
800	1801	-6.856
801	1802	-8.629
802	1803	-9.369
803	1804	-8.332
804	1805	-9.535
805	1806	-8.269
806	1807	-9.47
807	1808	-10.088
808	1809	-8.288
809	1810	-7.721
810	1811	-9.271
811	1812	-10.973
812	1813	-8.777
813	1814	-8.373
814	1815	-10.974
815	1816	-9.94
816	1817	-6.491
817	1818	-10.203
818	1819	-11.028
819	1820	-9.521
820	1821	-8.994
821	1822	-11.036
822	1823	-10.657
823	1824	-9.47
824	1825	-8.207
825	1826	-8.948
826	1827	-10.367
827	1828	-9.85
828	1829	-8.757
829	1830	-8.835
830	1831	-8.75
831	1832	-9.869
832	1833	-7.813
833	1834	-8.745
834	1835	-10.146
835	1836	-8.773
836	1837	-10.588
837	1838	-10.815
838	1839	-8.527
839	1840	-8.963
840	1841	-9.672
841	1842	-6.946
842	1843	-9.807
843	1844	-10.232
844	1845	-7.964
845	1846	-9.238
846	1847	-10.35
847	1848	-8.935
848	1849	-9.162
849	1850	-8.793
850	1851	-8.805
851	1852	-9.278
852	1853	-10.003
853	1854	-10.565
854	1855	-11.106
855	1856	-9.274
856	1857	-7.692
857	1858	-10.0
858	1859	-9.009
859	1860	-8.825
860	1861	-10.663
861	1862	-9.126
862	1863	-6.836
863	1864	-9.072
864	1865	-10.11
865	1866	-8.231
866	1867	-9.685
867	1868	-6.468
868	1869	-9.089
869	1870	-11.705
870	1871	-9.034
871	1872	-8.827
872	1873	-10.035
873	1874	-8.981
874	1875	-7.258
875	1876	-10.656
876	1877	-10.422
877	1878	-8.463
878	1879	-6.827
879	1880	-10.24
880	1881	-9.938
881	1882	-6.182
882	1883	-9.809
883	1884	-9.416
884	1885	-8.361
885	1886	-10.265
886	1887	-11.044
887	1888	-8.767
888	1889	-7.543
889	1890	-8.198
890	1891	-10.095
891	1892	-9.784
892	1893	-8.897
893	1894	-9.112
894	1895	-9.409
895	1896	-9.465
896	1897	-8.272
897	1898	-9.597
898	1899	-9.322
899	1900	-8.79
900	1901	-9.231
901	1902	-11.302
902	1903	-7.474
903	1904	-7.78
904	1905	-10.996
905	1906	-7.818
906	1907	-7.749
907	1908	-8.607
908	1909	-10.502
909	1910	-6.749
910	1911	-9.035
911	1912	-9.46
912	1913	-8.143
913	1914	-7.159
914	1915	-8.631
915	1916	-9.498
916	1917	-10.022
917	1918	-10.785
918	1919	-8.556
919	1920	-6.838
920	1921	-9.425
921	1922	-10.305
922	1923	-9.301
923	1924	-9.196
924	1925	-9.929
925	1926	-7.432
926	1927	-7.577
927	1928	-11.279
928	1929	-10.656
929	1930	-7.525
930	1931	-7.88
931	1932	-7.615
932	1933	-11.091
933	1934	-10.198
934	1935	-8.515
935	1936	-9.241
936	1937	-10.453
937	1938	-9.083
938	1939	-8.224
939	1940	-11.777
940	1941	-9.168
941	1942	-7.771
942	1943	-11.161
943	1944	-10.705
944	1945	-8.907
945	1946	-9.611
946	1947	-7.459
947	1948	-7.79
948	1949	-9.351
949	1950	-9.425
950	1951	-10.241
951	1952	-7.569
952	1953	-7.307
953	1954	-9.94
954	1955	-9.475
955	1956	-7.609
956	1957	-8.348
957	1958	-10.741
958	1959	-9.041
959	1960	-7.686
960	1961	-9.507
961	1962	-10.838
962	1963	-9.803
963	1964	-9.724
964	1965	-8.762
965	1966	-8.879
966	1967	-9.287
967	1968	-8.908
968	1969	-8.948
969	1970	-10.546
970	1971	-10.019
971	1972	-8.135
972	1973	-9.35
973	1974	-9.343
974	1975	-9.894
975	1976	-9.165
976	1977	-7.606
977	1978	-9.105
978	1979	-7.516
979	1980	-10.108
980	1981	-10.294
981	1982	-10.849
982	1983	-8.587
983	1984	-9.252
984	1985	-9.956
985	1986	-8.589
986	1987	-9.478
987	1988	-9.975
988	1989	-8.341
989	1990	-8.763
990	1991	-9.313
991	1992	-9.471
992	1993	-7.902
993	1994	-9.054
994	1995	-9.137
995	1996	-7.304
996	1997	-10.035
997	1998	-8.443
998	1999	-8.29
999	2000	-9.492
