	Year	ref
0	1001	-7.314
1	1002	-7.724
2	1003	-8.013
3	1004	-8.17
4	1005	-8.251
5	1006	-8.26
6	1007	-8.223
7	1008	-8.236
8	1009	-8.301
9	1010	-8.359
10	1011	-8.435
11	1012	-8.527
12	1013	-8.57
13	1014	-8.584
14	1015	-8.598
15	1016	-8.556
16	1017	-8.467
17	1018	-8.417
18	1019	-8.443
19	1020	-8.527
20	1021	-8.604
21	1022	-8.649
22	1023	-8.72
23	1024	-8.817
24	1025	-8.849
25	1026	-8.832
26	1027	-8.858
27	1028	-8.89
28	1029	-8.867
29	1030	-8.819
30	1031	-8.815
31	1032	-8.851
32	1033	-8.865
33	1034	-8.895
34	1035	-8.977
35	1036	-9.04
36	1037	-9.052
37	1038	-9.028
38	1039	-8.973
39	1040	-8.917
40	1041	-8.861
41	1042	-8.807
42	1043	-8.77
43	1044	-8.759
44	1045	-8.791
45	1046	-8.833
46	1047	-8.883
47	1048	-8.973
48	1049	-9.061
49	1050	-9.125
50	1051	-9.163
51	1052	-9.131
52	1053	-9.005
53	1054	-8.829
54	1055	-8.7
55	1056	-8.668
56	1057	-8.658
57	1058	-8.633
58	1059	-8.656
59	1060	-8.738
60	1061	-8.828
61	1062	-8.913
62	1063	-9.003
63	1064	-9.086
64	1065	-9.142
65	1066	-9.155
66	1067	-9.123
67	1068	-9.067
68	1069	-9.024
69	1070	-9.006
70	1071	-8.958
71	1072	-8.868
72	1073	-8.792
73	1074	-8.716
74	1075	-8.614
75	1076	-8.542
76	1077	-8.528
77	1078	-8.522
78	1079	-8.507
79	1080	-8.524
80	1081	-8.564
81	1082	-8.543
82	1083	-8.478
83	1084	-8.468
84	1085	-8.485
85	1086	-8.475
86	1087	-8.465
87	1088	-8.465
88	1089	-8.452
89	1090	-8.448
90	1091	-8.484
91	1092	-8.529
92	1093	-8.533
93	1094	-8.482
94	1095	-8.412
95	1096	-8.393
96	1097	-8.443
97	1098	-8.495
98	1099	-8.509
99	1100	-8.481
100	1101	-8.419
101	1102	-8.397
102	1103	-8.437
103	1104	-8.505
104	1105	-8.61
105	1106	-8.738
106	1107	-8.803
107	1108	-8.791
108	1109	-8.793
109	1110	-8.815
110	1111	-8.805
111	1112	-8.782
112	1113	-8.749
113	1114	-8.736
114	1115	-8.775
115	1116	-8.808
116	1117	-8.794
117	1118	-8.755
118	1119	-8.728
119	1120	-8.718
120	1121	-8.676
121	1122	-8.63
122	1123	-8.64
123	1124	-8.672
124	1125	-8.687
125	1126	-8.698
126	1127	-8.716
127	1128	-8.727
128	1129	-8.73
129	1130	-8.708
130	1131	-8.602
131	1132	-8.453
132	1133	-8.4
133	1134	-8.44
134	1135	-8.444
135	1136	-8.415
136	1137	-8.424
137	1138	-8.444
138	1139	-8.462
139	1140	-8.516
140	1141	-8.609
141	1142	-8.693
142	1143	-8.719
143	1144	-8.714
144	1145	-8.709
145	1146	-8.676
146	1147	-8.662
147	1148	-8.72
148	1149	-8.78
149	1150	-8.776
150	1151	-8.742
151	1152	-8.707
152	1153	-8.673
153	1154	-8.639
154	1155	-8.607
155	1156	-8.622
156	1157	-8.713
157	1158	-8.834
158	1159	-8.915
159	1160	-8.921
160	1161	-8.851
161	1162	-8.747
162	1163	-8.647
163	1164	-8.565
164	1165	-8.527
165	1166	-8.509
166	1167	-8.503
167	1168	-8.567
168	1169	-8.68
169	1170	-8.742
170	1171	-8.747
171	1172	-8.738
172	1173	-8.713
173	1174	-8.693
174	1175	-8.693
175	1176	-8.703
176	1177	-8.729
177	1178	-8.763
178	1179	-8.772
179	1180	-8.771
180	1181	-8.758
181	1182	-8.732
182	1183	-8.724
183	1184	-8.705
184	1185	-8.678
185	1186	-8.693
186	1187	-8.719
187	1188	-8.72
188	1189	-8.774
189	1190	-8.917
190	1191	-9.039
191	1192	-9.072
192	1193	-9.049
193	1194	-9.001
194	1195	-8.944
195	1196	-8.899
196	1197	-8.858
197	1198	-8.798
198	1199	-8.731
199	1200	-8.69
200	1201	-8.691
201	1202	-8.73
202	1203	-8.795
203	1204	-8.842
204	1205	-8.813
205	1206	-8.725
206	1207	-8.644
207	1208	-8.579
208	1209	-8.514
209	1210	-8.475
210	1211	-8.48
211	1212	-8.489
212	1213	-8.463
213	1214	-8.439
214	1215	-8.441
215	1216	-8.425
216	1217	-8.372
217	1218	-8.302
218	1219	-8.233
219	1220	-8.169
220	1221	-8.14
221	1222	-8.158
222	1223	-8.175
223	1224	-8.218
224	1225	-8.331
225	1226	-8.426
226	1227	-8.476
227	1228	-8.538
228	1229	-8.624
229	1230	-8.725
230	1231	-8.787
231	1232	-8.8
232	1233	-8.811
233	1234	-8.822
234	1235	-8.819
235	1236	-8.787
236	1237	-8.72
237	1238	-8.672
238	1239	-8.67
239	1240	-8.676
240	1241	-8.674
241	1242	-8.675
242	1243	-8.684
243	1244	-8.723
244	1245	-8.783
245	1246	-8.816
246	1247	-8.834
247	1248	-8.881
248	1249	-8.913
249	1250	-8.882
250	1251	-8.851
251	1252	-8.864
252	1253	-8.86
253	1254	-8.851
254	1255	-8.876
255	1256	-8.889
256	1257	-8.894
257	1258	-8.912
258	1259	-8.875
259	1260	-8.751
260	1261	-8.627
261	1262	-8.563
262	1263	-8.531
263	1264	-8.53
264	1265	-8.557
265	1266	-8.573
266	1267	-8.607
267	1268	-8.684
268	1269	-8.747
269	1270	-8.778
270	1271	-8.812
271	1272	-8.842
272	1273	-8.834
273	1274	-8.78
274	1275	-8.726
275	1276	-8.693
276	1277	-8.628
277	1278	-8.551
278	1279	-8.517
279	1280	-8.472
280	1281	-8.412
281	1282	-8.437
282	1283	-8.54
283	1284	-8.603
284	1285	-8.56
285	1286	-8.479
286	1287	-8.491
287	1288	-8.595
288	1289	-8.676
289	1290	-8.713
290	1291	-8.748
291	1292	-8.757
292	1293	-8.736
293	1294	-8.754
294	1295	-8.845
295	1296	-8.951
296	1297	-8.993
297	1298	-8.986
298	1299	-8.988
299	1300	-8.992
300	1301	-8.961
301	1302	-8.925
302	1303	-8.932
303	1304	-8.953
304	1305	-8.933
305	1306	-8.91
306	1307	-8.921
307	1308	-8.898
308	1309	-8.824
309	1310	-8.777
310	1311	-8.775
311	1312	-8.789
312	1313	-8.788
313	1314	-8.76
314	1315	-8.743
315	1316	-8.742
316	1317	-8.715
317	1318	-8.666
318	1319	-8.61
319	1320	-8.554
320	1321	-8.515
321	1322	-8.502
322	1323	-8.54
323	1324	-8.609
324	1325	-8.62
325	1326	-8.58
326	1327	-8.61
327	1328	-8.747
328	1329	-8.875
329	1330	-8.909
330	1331	-8.896
331	1332	-8.89
332	1333	-8.89
333	1334	-8.887
334	1335	-8.899
335	1336	-8.927
336	1337	-8.91
337	1338	-8.849
338	1339	-8.8
339	1340	-8.771
340	1341	-8.736
341	1342	-8.689
342	1343	-8.664
343	1344	-8.66
344	1345	-8.649
345	1346	-8.674
346	1347	-8.714
347	1348	-8.699
348	1349	-8.672
349	1350	-8.663
350	1351	-8.597
351	1352	-8.504
352	1353	-8.474
353	1354	-8.477
354	1355	-8.469
355	1356	-8.439
356	1357	-8.375
357	1358	-8.307
358	1359	-8.3
359	1360	-8.336
360	1361	-8.323
361	1362	-8.283
362	1363	-8.304
363	1364	-8.345
364	1365	-8.331
365	1366	-8.304
366	1367	-8.305
367	1368	-8.312
368	1369	-8.364
369	1370	-8.48
370	1371	-8.604
371	1372	-8.716
372	1373	-8.804
373	1374	-8.846
374	1375	-8.876
375	1376	-8.923
376	1377	-8.969
377	1378	-9.007
378	1379	-9.042
379	1380	-9.045
380	1381	-9.012
381	1382	-8.961
382	1383	-8.898
383	1384	-8.837
384	1385	-8.811
385	1386	-8.819
386	1387	-8.822
387	1388	-8.803
388	1389	-8.762
389	1390	-8.7
390	1391	-8.642
391	1392	-8.616
392	1393	-8.601
393	1394	-8.585
394	1395	-8.601
395	1396	-8.625
396	1397	-8.645
397	1398	-8.72
398	1399	-8.817
399	1400	-8.891
400	1401	-8.946
401	1402	-8.953
402	1403	-8.885
403	1404	-8.787
404	1405	-8.75
405	1406	-8.761
406	1407	-8.728
407	1408	-8.634
408	1409	-8.535
409	1410	-8.498
410	1411	-8.539
411	1412	-8.598
412	1413	-8.657
413	1414	-8.717
414	1415	-8.738
415	1416	-8.744
416	1417	-8.788
417	1418	-8.858
418	1419	-8.91
419	1420	-8.911
420	1421	-8.867
421	1422	-8.809
422	1423	-8.761
423	1424	-8.721
424	1425	-8.698
425	1426	-8.718
426	1427	-8.789
427	1428	-8.893
428	1429	-8.976
429	1430	-9.011
430	1431	-9.007
431	1432	-8.969
432	1433	-8.916
433	1434	-8.866
434	1435	-8.832
435	1436	-8.822
436	1437	-8.838
437	1438	-8.889
438	1439	-8.954
439	1440	-8.967
440	1441	-8.908
441	1442	-8.851
442	1443	-8.857
443	1444	-8.885
444	1445	-8.914
445	1446	-8.962
446	1447	-8.969
447	1448	-8.896
448	1449	-8.777
449	1450	-8.692
450	1451	-8.69
451	1452	-8.737
452	1453	-8.799
453	1454	-8.859
454	1455	-8.888
455	1456	-8.909
456	1457	-8.986
457	1458	-9.107
458	1459	-9.193
459	1460	-9.172
460	1461	-9.066
461	1462	-8.954
462	1463	-8.877
463	1464	-8.878
464	1465	-8.972
465	1466	-9.052
466	1467	-9.035
467	1468	-8.952
468	1469	-8.888
469	1470	-8.874
470	1471	-8.868
471	1472	-8.86
472	1473	-8.858
473	1474	-8.85
474	1475	-8.821
475	1476	-8.733
476	1477	-8.6
477	1478	-8.523
478	1479	-8.548
479	1480	-8.627
480	1481	-8.694
481	1482	-8.734
482	1483	-8.782
483	1484	-8.817
484	1485	-8.819
485	1486	-8.83
486	1487	-8.848
487	1488	-8.823
488	1489	-8.775
489	1490	-8.725
490	1491	-8.647
491	1492	-8.593
492	1493	-8.594
493	1494	-8.576
494	1495	-8.551
495	1496	-8.577
496	1497	-8.604
497	1498	-8.628
498	1499	-8.706
499	1500	-8.802
500	1501	-8.863
501	1502	-8.89
502	1503	-8.887
503	1504	-8.893
504	1505	-8.944
505	1506	-8.989
506	1507	-8.994
507	1508	-8.986
508	1509	-8.943
509	1510	-8.873
510	1511	-8.801
511	1512	-8.701
512	1513	-8.606
513	1514	-8.532
514	1515	-8.448
515	1516	-8.395
516	1517	-8.373
517	1518	-8.356
518	1519	-8.401
519	1520	-8.486
520	1521	-8.524
521	1522	-8.512
522	1523	-8.497
523	1524	-8.494
524	1525	-8.482
525	1526	-8.461
526	1527	-8.454
527	1528	-8.458
528	1529	-8.485
529	1530	-8.527
530	1531	-8.546
531	1532	-8.557
532	1533	-8.549
533	1534	-8.512
534	1535	-8.492
535	1536	-8.49
536	1537	-8.503
537	1538	-8.541
538	1539	-8.576
539	1540	-8.619
540	1541	-8.668
541	1542	-8.637
542	1543	-8.54
543	1544	-8.464
544	1545	-8.407
545	1546	-8.387
546	1547	-8.413
547	1548	-8.411
548	1549	-8.385
549	1550	-8.403
550	1551	-8.452
551	1552	-8.478
552	1553	-8.468
553	1554	-8.464
554	1555	-8.519
555	1556	-8.587
556	1557	-8.655
557	1558	-8.753
558	1559	-8.83
559	1560	-8.858
560	1561	-8.89
561	1562	-8.959
562	1563	-9.017
563	1564	-9.041
564	1565	-9.046
565	1566	-9.01
566	1567	-8.947
567	1568	-8.877
568	1569	-8.783
569	1570	-8.699
570	1571	-8.709
571	1572	-8.81
572	1573	-8.906
573	1574	-8.982
574	1575	-9.077
575	1576	-9.161
576	1577	-9.219
577	1578	-9.235
578	1579	-9.216
579	1580	-9.223
580	1581	-9.215
581	1582	-9.129
582	1583	-9.029
583	1584	-8.97
584	1585	-8.911
585	1586	-8.856
586	1587	-8.842
587	1588	-8.813
588	1589	-8.761
589	1590	-8.729
590	1591	-8.711
591	1592	-8.705
592	1593	-8.689
593	1594	-8.629
594	1595	-8.522
595	1596	-8.434
596	1597	-8.412
597	1598	-8.391
598	1599	-8.338
599	1600	-8.335
600	1601	-8.435
601	1602	-8.599
602	1603	-8.75
603	1604	-8.817
604	1605	-8.787
605	1606	-8.709
606	1607	-8.648
607	1608	-8.633
608	1609	-8.625
609	1610	-8.619
610	1611	-8.634
611	1612	-8.645
612	1613	-8.667
613	1614	-8.73
614	1615	-8.785
615	1616	-8.806
616	1617	-8.786
617	1618	-8.734
618	1619	-8.695
619	1620	-8.653
620	1621	-8.606
621	1622	-8.562
622	1623	-8.507
623	1624	-8.48
624	1625	-8.49
625	1626	-8.484
626	1627	-8.509
627	1628	-8.604
628	1629	-8.688
629	1630	-8.742
630	1631	-8.798
631	1632	-8.83
632	1633	-8.866
633	1634	-8.937
634	1635	-9.007
635	1636	-9.044
636	1637	-9.022
637	1638	-8.94
638	1639	-8.859
639	1640	-8.796
640	1641	-8.736
641	1642	-8.691
642	1643	-8.637
643	1644	-8.57
644	1645	-8.54
645	1646	-8.579
646	1647	-8.644
647	1648	-8.657
648	1649	-8.664
649	1650	-8.734
650	1651	-8.776
651	1652	-8.73
652	1653	-8.696
653	1654	-8.697
654	1655	-8.628
655	1656	-8.512
656	1657	-8.493
657	1658	-8.585
658	1659	-8.669
659	1660	-8.674
660	1661	-8.615
661	1662	-8.583
662	1663	-8.651
663	1664	-8.78
664	1665	-8.873
665	1666	-8.889
666	1667	-8.866
667	1668	-8.825
668	1669	-8.778
669	1670	-8.778
670	1671	-8.827
671	1672	-8.857
672	1673	-8.848
673	1674	-8.839
674	1675	-8.845
675	1676	-8.827
676	1677	-8.766
677	1678	-8.712
678	1679	-8.674
679	1680	-8.619
680	1681	-8.597
681	1682	-8.648
682	1683	-8.696
683	1684	-8.713
684	1685	-8.741
685	1686	-8.78
686	1687	-8.815
687	1688	-8.814
688	1689	-8.764
689	1690	-8.745
690	1691	-8.804
691	1692	-8.852
692	1693	-8.829
693	1694	-8.806
694	1695	-8.824
695	1696	-8.797
696	1697	-8.706
697	1698	-8.672
698	1699	-8.727
699	1700	-8.778
700	1701	-8.777
701	1702	-8.747
702	1703	-8.746
703	1704	-8.794
704	1705	-8.816
705	1706	-8.748
706	1707	-8.664
707	1708	-8.687
708	1709	-8.778
709	1710	-8.844
710	1711	-8.881
711	1712	-8.87
712	1713	-8.804
713	1714	-8.726
714	1715	-8.64
715	1716	-8.548
716	1717	-8.502
717	1718	-8.503
718	1719	-8.477
719	1720	-8.432
720	1721	-8.443
721	1722	-8.47
722	1723	-8.489
723	1724	-8.565
724	1725	-8.653
725	1726	-8.669
726	1727	-8.674
727	1728	-8.729
728	1729	-8.765
729	1730	-8.769
730	1731	-8.769
731	1732	-8.759
732	1733	-8.769
733	1734	-8.787
734	1735	-8.785
735	1736	-8.76
736	1737	-8.718
737	1738	-8.709
738	1739	-8.726
739	1740	-8.736
740	1741	-8.77
741	1742	-8.826
742	1743	-8.835
743	1744	-8.765
744	1745	-8.66
745	1746	-8.592
746	1747	-8.574
747	1748	-8.571
748	1749	-8.596
749	1750	-8.633
750	1751	-8.633
751	1752	-8.65
752	1753	-8.713
753	1754	-8.768
754	1755	-8.815
755	1756	-8.842
756	1757	-8.832
757	1758	-8.83
758	1759	-8.818
759	1760	-8.742
760	1761	-8.644
761	1762	-8.58
762	1763	-8.56
763	1764	-8.57
764	1765	-8.585
765	1766	-8.616
766	1767	-8.664
767	1768	-8.684
768	1769	-8.667
769	1770	-8.628
770	1771	-8.602
771	1772	-8.584
772	1773	-8.538
773	1774	-8.52
774	1775	-8.546
775	1776	-8.524
776	1777	-8.467
777	1778	-8.483
778	1779	-8.553
779	1780	-8.583
780	1781	-8.598
781	1782	-8.628
782	1783	-8.615
783	1784	-8.57
784	1785	-8.56
785	1786	-8.552
786	1787	-8.523
787	1788	-8.525
788	1789	-8.534
789	1790	-8.503
790	1791	-8.481
791	1792	-8.538
792	1793	-8.627
793	1794	-8.683
794	1795	-8.725
795	1796	-8.738
796	1797	-8.686
797	1798	-8.591
798	1799	-8.486
799	1800	-8.38
800	1801	-8.31
801	1802	-8.314
802	1803	-8.347
803	1804	-8.381
804	1805	-8.428
805	1806	-8.464
806	1807	-8.487
807	1808	-8.502
808	1809	-8.507
809	1810	-8.534
810	1811	-8.598
811	1812	-8.657
812	1813	-8.675
813	1814	-8.709
814	1815	-8.783
815	1816	-8.82
816	1817	-8.834
817	1818	-8.912
818	1819	-9.025
819	1820	-9.096
820	1821	-9.137
821	1822	-9.173
822	1823	-9.155
823	1824	-9.06
824	1825	-8.972
825	1826	-8.95
826	1827	-8.937
827	1828	-8.87
828	1829	-8.771
829	1830	-8.686
830	1831	-8.625
831	1832	-8.575
832	1833	-8.554
833	1834	-8.607
834	1835	-8.688
835	1836	-8.713
836	1837	-8.689
837	1838	-8.639
838	1839	-8.567
839	1840	-8.512
840	1841	-8.465
841	1842	-8.438
842	1843	-8.489
843	1844	-8.552
844	1845	-8.566
845	1846	-8.567
846	1847	-8.552
847	1848	-8.518
848	1849	-8.494
849	1850	-8.496
850	1851	-8.551
851	1852	-8.655
852	1853	-8.763
853	1854	-8.845
854	1855	-8.856
855	1856	-8.768
856	1857	-8.661
857	1858	-8.618
858	1859	-8.602
859	1860	-8.599
860	1861	-8.599
861	1862	-8.532
862	1863	-8.438
863	1864	-8.416
864	1865	-8.433
865	1866	-8.428
866	1867	-8.407
867	1868	-8.427
868	1869	-8.548
869	1870	-8.688
870	1871	-8.737
871	1872	-8.744
872	1873	-8.761
873	1874	-8.742
874	1875	-8.709
875	1876	-8.71
876	1877	-8.693
877	1878	-8.613
878	1879	-8.54
879	1880	-8.525
880	1881	-8.497
881	1882	-8.462
882	1883	-8.494
883	1884	-8.549
884	1885	-8.592
885	1886	-8.632
886	1887	-8.623
887	1888	-8.552
888	1889	-8.485
889	1890	-8.501
890	1891	-8.58
891	1892	-8.619
892	1893	-8.599
893	1894	-8.577
894	1895	-8.58
895	1896	-8.603
896	1897	-8.649
897	1898	-8.721
898	1899	-8.771
899	1900	-8.768
900	1901	-8.741
901	1902	-8.679
902	1903	-8.577
903	1904	-8.514
904	1905	-8.489
905	1906	-8.437
906	1907	-8.383
907	1908	-8.352
908	1909	-8.323
909	1910	-8.294
910	1911	-8.298
911	1912	-8.304
912	1913	-8.276
913	1914	-8.274
914	1915	-8.355
915	1916	-8.487
916	1917	-8.592
917	1918	-8.611
918	1919	-8.546
919	1920	-8.489
920	1921	-8.522
921	1922	-8.579
922	1923	-8.572
923	1924	-8.535
924	1925	-8.498
925	1926	-8.458
926	1927	-8.463
927	1928	-8.518
928	1929	-8.524
929	1930	-8.457
930	1931	-8.419
931	1932	-8.482
932	1933	-8.608
933	1934	-8.7
934	1935	-8.736
935	1936	-8.758
936	1937	-8.762
937	1938	-8.731
938	1939	-8.713
939	1940	-8.713
940	1941	-8.693
941	1942	-8.704
942	1943	-8.763
943	1944	-8.759
944	1945	-8.678
945	1946	-8.589
946	1947	-8.509
947	1948	-8.48
948	1949	-8.529
949	1950	-8.58
950	1951	-8.548
951	1952	-8.446
952	1953	-8.381
953	1954	-8.406
954	1955	-8.462
955	1956	-8.507
956	1957	-8.583
957	1958	-8.685
958	1959	-8.742
959	1960	-8.773
960	1961	-8.834
961	1962	-8.885
962	1963	-8.883
963	1964	-8.844
964	1965	-8.78
965	1966	-8.706
966	1967	-8.659
967	1968	-8.656
968	1969	-8.679
969	1970	-8.688
970	1971	-8.641
971	1972	-8.581
972	1973	-8.56
973	1974	-8.558
974	1975	-8.561
975	1976	-8.548
976	1977	-8.529
977	1978	-8.564
978	1979	-8.655
979	1980	-8.776
980	1981	-8.864
981	1982	-8.849
982	1983	-8.77
983	1984	-8.709
984	1985	-8.672
985	1986	-8.649
986	1987	-8.645
987	1988	-8.616
988	1989	-8.544
989	1990	-8.488
990	1991	-8.482
991	1992	-8.492
992	1993	-8.497
993	1994	-8.502
994	1995	-8.5
995	1996	-8.519
996	1997	-8.578
997	1998	-8.642
998	1999	-8.706
999	2000	-8.774
