	Year	ref
0	1001	-7.287
1	1002	-9.256
2	1003	-9.779
3	1004	-8.368
4	1005	-9.125
5	1006	-9.199
6	1007	-7.265
7	1008	-7.251
8	1009	-9.156
9	1010	-7.922
10	1011	-7.754
11	1012	-9.667
12	1013	-8.911
13	1014	-7.942
14	1015	-9.525
15	1016	-9.575
16	1017	-7.353
17	1018	-8.078
18	1019	-7.245
19	1020	-8.925
20	1021	-9.247
21	1022	-8.286
22	1023	-7.76
23	1024	-10.059
24	1025	-9.931
25	1026	-7.365
26	1027	-9.007
27	1028	-9.823
28	1029	-9.036
29	1030	-8.512
30	1031	-7.541
31	1032	-10.104
32	1033	-8.53
33	1034	-7.663
34	1035	-9.684
35	1036	-9.647
36	1037	-9.116
37	1038	-9.785
38	1039	-8.574
39	1040	-9.035
40	1041	-9.04
41	1042	-8.229
42	1043	-9.05
43	1044	-7.761
44	1045	-8.801
45	1046	-9.385
46	1047	-7.471
47	1048	-9.65
48	1049	-9.189
49	1050	-9.185
50	1051	-9.909
51	1052	-10.37
52	1053	-9.552
53	1054	-8.488
54	1055	-6.918
55	1056	-8.749
56	1057	-9.398
57	1058	-7.679
58	1059	-7.868
59	1060	-8.936
60	1061	-8.929
61	1062	-8.678
62	1063	-9.183
63	1064	-9.235
64	1065	-9.717
65	1066	-9.628
66	1067	-9.361
67	1068	-9.081
68	1069	-8.233
69	1070	-9.563
70	1071	-9.87
71	1072	-8.129
72	1073	-8.792
73	1074	-9.503
74	1075	-8.054
75	1076	-7.648
76	1077	-8.605
77	1078	-8.917
78	1079	-8.034
79	1080	-7.792
80	1081	-9.576
81	1082	-9.677
82	1083	-6.931
83	1084	-8.267
84	1085	-9.344
85	1086	-8.078
86	1087	-8.365
87	1088	-8.65
88	1089	-8.708
89	1090	-7.395
90	1091	-8.732
91	1092	-8.735
92	1093	-9.537
93	1094	-8.445
94	1095	-8.195
95	1096	-6.868
96	1097	-8.976
97	1098	-8.85
98	1099	-8.773
99	1100	-9.302
100	1101	-7.849
101	1102	-7.16
102	1103	-8.947
103	1104	-7.671
104	1105	-8.243
105	1106	-9.409
106	1107	-10.349
107	1108	-8.08
108	1109	-8.141
109	1110	-10.007
110	1111	-8.329
111	1112	-9.118
112	1113	-8.892
113	1114	-7.345
114	1115	-9.353
115	1116	-9.285
116	1117	-9.095
117	1118	-8.728
118	1119	-7.958
119	1120	-9.639
120	1121	-8.866
121	1122	-7.458
122	1123	-8.618
123	1124	-8.989
124	1125	-8.731
125	1126	-8.464
126	1127	-8.886
127	1128	-8.882
128	1129	-8.558
129	1130	-9.922
130	1131	-9.689
131	1132	-6.758
132	1133	-6.865
133	1134	-9.545
134	1135	-9.165
135	1136	-7.213
136	1137	-8.593
137	1138	-8.826
138	1139	-7.654
139	1140	-8.306
140	1141	-8.288
141	1142	-9.876
142	1143	-9.02
143	1144	-8.149
144	1145	-9.536
145	1146	-8.697
146	1147	-7.032
147	1148	-9.072
148	1149	-9.667
149	1150	-9.17
150	1151	-8.299
151	1152	-9.192
152	1153	-8.128
153	1154	-9.256
154	1155	-7.832
155	1156	-7.693
156	1157	-8.276
157	1158	-9.499
158	1159	-9.585
159	1160	-9.892
160	1161	-9.279
161	1162	-8.284
162	1163	-8.991
163	1164	-7.596
164	1165	-8.401
165	1166	-8.9
166	1167	-7.385
167	1168	-7.61
168	1169	-9.78
169	1170	-9.526
170	1171	-8.333
171	1172	-9.388
172	1173	-8.41
173	1174	-8.494
174	1175	-8.568
175	1176	-8.76
176	1177	-8.097
177	1178	-9.649
178	1179	-8.61
179	1180	-8.632
180	1181	-9.662
181	1182	-7.583
182	1183	-9.415
183	1184	-8.912
184	1185	-7.867
185	1186	-8.439
186	1187	-9.619
187	1188	-8.181
188	1189	-6.824
189	1190	-9.807
190	1191	-10.042
191	1192	-9.72
192	1193	-8.981
193	1194	-9.497
194	1195	-8.365
195	1196	-9.083
196	1197	-8.904
197	1198	-9.278
198	1199	-8.039
199	1200	-8.521
200	1201	-8.081
201	1202	-8.596
202	1203	-8.628
203	1204	-10.009
204	1205	-9.676
205	1206	-8.212
206	1207	-8.504
207	1208	-8.759
208	1209	-8.272
209	1210	-7.778
210	1211	-8.336
211	1212	-9.293
212	1213	-8.426
213	1214	-7.638
214	1215	-9.013
215	1216	-8.824
216	1217	-8.463
217	1218	-8.397
218	1219	-7.943
219	1220	-8.404
220	1221	-6.623
221	1222	-9.015
222	1223	-8.091
223	1224	-6.457
224	1225	-9.12
225	1226	-9.365
226	1227	-7.58
227	1228	-8.934
228	1229	-7.758
229	1230	-9.476
230	1231	-9.69
231	1232	-8.201
232	1233	-9.159
233	1234	-8.781
234	1235	-9.077
235	1236	-9.472
236	1237	-8.454
237	1238	-7.801
238	1239	-8.848
239	1240	-8.856
240	1241	-8.453
241	1242	-8.854
242	1243	-8.201
243	1244	-8.311
244	1245	-9.253
245	1246	-9.355
246	1247	-7.873
247	1248	-9.127
248	1249	-9.99
249	1250	-8.973
250	1251	-7.558
251	1252	-9.674
252	1253	-9.154
253	1254	-7.673
254	1255	-9.594
255	1256	-9.072
256	1257	-8.138
257	1258	-9.749
258	1259	-10.151
259	1260	-8.819
260	1261	-7.207
261	1262	-8.949
262	1263	-7.903
263	1264	-8.145
264	1265	-8.847
265	1266	-8.788
266	1267	-7.203
267	1268	-9.551
268	1269	-9.003
269	1270	-8.657
270	1271	-8.662
271	1272	-9.447
272	1273	-9.27
273	1274	-9.125
274	1275	-7.648
275	1276	-9.625
276	1277	-9.126
277	1278	-7.121
278	1279	-9.119
279	1280	-9.164
280	1281	-7.034
281	1282	-7.099
282	1283	-9.502
283	1284	-9.594
284	1285	-9.808
285	1286	-6.552
286	1287	-7.383
287	1288	-9.095
288	1289	-9.678
289	1290	-7.961
290	1291	-9.3
291	1292	-9.465
292	1293	-7.979
293	1294	-7.983
294	1295	-8.254
295	1296	-10.292
296	1297	-9.432
297	1298	-8.755
298	1299	-8.647
299	1300	-9.827
300	1301	-9.011
301	1302	-8.184
302	1303	-8.644
303	1304	-9.763
304	1305	-9.181
305	1306	-7.74
306	1307	-9.667
307	1308	-9.938
308	1309	-8.026
309	1310	-8.277
310	1311	-8.747
311	1312	-8.725
312	1313	-9.522
313	1314	-8.456
314	1315	-8.184
315	1316	-9.504
316	1317	-8.815
317	1318	-8.557
318	1319	-8.988
319	1320	-7.933
320	1321	-8.701
321	1322	-7.728
322	1323	-7.833
323	1324	-9.58
324	1325	-9.732
325	1326	-7.393
326	1327	-7.064
327	1328	-8.757
328	1329	-10.776
329	1330	-8.863
330	1331	-8.932
331	1332	-8.629
332	1333	-9.103
333	1334	-8.862
334	1335	-8.122
335	1336	-9.871
336	1337	-9.555
337	1338	-8.4
338	1339	-8.587
339	1340	-8.833
340	1341	-9.062
341	1342	-8.491
342	1343	-7.792
343	1344	-9.803
344	1345	-7.505
345	1346	-8.403
346	1347	-9.806
347	1348	-8.971
348	1349	-7.485
349	1350	-10.091
350	1351	-9.163
351	1352	-7.013
352	1353	-8.43
353	1354	-8.683
354	1355	-8.567
355	1356	-8.901
356	1357	-8.739
357	1358	-7.257
358	1359	-7.59
359	1360	-9.135
360	1361	-9.328
361	1362	-6.585
362	1363	-8.266
363	1364	-9.326
364	1365	-8.575
365	1366	-7.37
366	1367	-8.85
367	1368	-7.874
368	1369	-6.911
369	1370	-9.257
370	1371	-8.217
371	1372	-9.155
372	1373	-9.294
373	1374	-9.232
374	1375	-8.14
375	1376	-9.275
376	1377	-9.082
377	1378	-8.738
378	1379	-9.613
379	1380	-9.397
380	1381	-9.207
381	1382	-8.921
382	1383	-9.269
383	1384	-8.061
384	1385	-8.583
385	1386	-8.695
386	1387	-9.456
387	1388	-8.584
388	1389	-9.436
389	1390	-8.417
390	1391	-8.344
391	1392	-8.249
392	1393	-9.198
393	1394	-7.794
394	1395	-8.296
395	1396	-9.713
396	1397	-6.906
397	1398	-8.945
398	1399	-9.218
399	1400	-8.784
400	1401	-9.516
401	1402	-9.836
402	1403	-9.573
403	1404	-7.675
404	1405	-7.892
405	1406	-9.644
406	1407	-9.588
407	1408	-8.472
408	1409	-8.19
409	1410	-6.879
410	1411	-9.016
411	1412	-8.537
412	1413	-8.275
413	1414	-9.531
414	1415	-9.083
415	1416	-7.803
416	1417	-8.795
417	1418	-8.764
418	1419	-9.804
419	1420	-9.243
420	1421	-9.097
421	1422	-8.574
422	1423	-8.628
423	1424	-8.891
424	1425	-7.818
425	1426	-8.587
426	1427	-7.897
427	1428	-9.487
428	1429	-9.538
429	1430	-9.184
430	1431	-9.677
431	1432	-8.784
432	1433	-9.208
433	1434	-8.375
434	1435	-8.869
435	1436	-8.314
436	1437	-8.74
437	1438	-8.216
438	1439	-9.864
439	1440	-9.858
440	1441	-9.08
441	1442	-7.551
442	1443	-8.773
443	1444	-9.459
444	1445	-7.804
445	1446	-9.872
446	1447	-9.888
447	1448	-9.353
448	1449	-8.737
449	1450	-7.019
450	1451	-8.725
451	1452	-8.416
452	1453	-8.787
453	1454	-9.253
454	1455	-9.402
455	1456	-7.75
456	1457	-8.609
457	1458	-9.227
458	1459	-10.764
459	1460	-10.16
460	1461	-8.906
461	1462	-8.492
462	1463	-8.597
463	1464	-6.8
464	1465	-9.702
465	1466	-10.199
466	1467	-9.933
467	1468	-8.589
468	1469	-7.955
469	1470	-9.133
470	1471	-8.967
471	1472	-8.484
472	1473	-9.258
473	1474	-8.672
474	1475	-9.631
475	1476	-9.625
476	1477	-7.801
477	1478	-7.023
478	1479	-8.271
479	1480	-8.527
480	1481	-9.637
481	1482	-8.002
482	1483	-9.043
483	1484	-9.485
484	1485	-8.568
485	1486	-8.32
486	1487	-9.836
487	1488	-9.067
488	1489	-8.215
489	1490	-9.661
490	1491	-8.447
491	1492	-7.131
492	1493	-9.514
493	1494	-8.949
494	1495	-7.188
495	1496	-8.881
496	1497	-9.299
497	1498	-7.093
498	1499	-8.915
499	1500	-9.196
500	1501	-9.239
501	1502	-9.114
502	1503	-9.263
503	1504	-7.594
504	1505	-9.306
505	1506	-9.844
506	1507	-8.54
507	1508	-9.503
508	1509	-9.785
509	1510	-7.773
510	1511	-10.216
511	1512	-8.104
512	1513	-8.177
513	1514	-9.145
514	1515	-8.024
515	1516	-7.417
516	1517	-9.538
517	1518	-6.796
518	1519	-7.893
519	1520	-9.415
520	1521	-9.123
521	1522	-8.322
522	1523	-8.396
523	1524	-8.434
524	1525	-9.074
525	1526	-7.704
526	1527	-8.77
527	1528	-8.184
528	1529	-7.797
529	1530	-9.549
530	1531	-8.124
531	1532	-8.699
532	1533	-9.451
533	1534	-7.712
534	1535	-8.493
535	1536	-8.588
536	1537	-7.727
537	1538	-8.982
538	1539	-8.599
539	1540	-7.812
540	1541	-9.98
541	1542	-10.041
542	1543	-7.072
543	1544	-9.112
544	1545	-7.858
545	1546	-7.359
546	1547	-9.171
547	1548	-9.024
548	1549	-7.376
549	1550	-8.034
550	1551	-9.0
551	1552	-8.61
552	1553	-9.134
553	1554	-6.76
554	1555	-8.917
555	1556	-8.953
556	1557	-7.509
557	1558	-9.517
558	1559	-9.282
559	1560	-9.132
560	1561	-7.743
561	1562	-9.504
562	1563	-9.537
563	1564	-8.784
564	1565	-9.824
565	1566	-9.316
566	1567	-8.638
567	1568	-9.472
568	1569	-8.855
569	1570	-7.524
570	1571	-7.307
571	1572	-9.127
572	1573	-9.852
573	1574	-7.608
574	1575	-10.077
575	1576	-8.983
576	1577	-9.638
577	1578	-10.231
578	1579	-8.194
579	1580	-9.237
580	1581	-10.828
581	1582	-8.999
582	1583	-8.24
583	1584	-9.018
584	1585	-9.591
585	1586	-7.325
586	1587	-9.594
587	1588	-9.407
588	1589	-7.774
589	1590	-9.282
590	1591	-8.02
591	1592	-9.106
592	1593	-8.939
593	1594	-9.49
594	1595	-8.402
595	1596	-7.109
596	1597	-8.517
597	1598	-9.453
598	1599	-7.417
599	1600	-7.097
600	1601	-7.732
601	1602	-8.68
602	1603	-9.808
603	1604	-9.989
604	1605	-9.243
605	1606	-8.554
606	1607	-7.784
607	1608	-8.736
608	1609	-8.946
609	1610	-7.827
610	1611	-9.059
611	1612	-8.767
612	1613	-7.511
613	1614	-9.329
614	1615	-9.048
615	1616	-9.01
616	1617	-9.789
617	1618	-7.761
618	1619	-9.151
619	1620	-8.815
620	1621	-8.063
621	1622	-9.31
622	1623	-8.034
623	1624	-7.537
624	1625	-9.391
625	1626	-8.277
626	1627	-6.77
627	1628	-9.486
628	1629	-9.136
629	1630	-8.126
630	1631	-9.525
631	1632	-8.908
632	1633	-7.866
633	1634	-9.437
634	1635	-9.073
635	1636	-9.714
636	1637	-9.949
637	1638	-8.838
638	1639	-8.093
639	1640	-9.699
640	1641	-7.594
641	1642	-9.452
642	1643	-8.633
643	1644	-8.34
644	1645	-7.541
645	1646	-8.024
646	1647	-9.72
647	1648	-9.13
648	1649	-6.91
649	1650	-9.259
650	1651	-10.565
651	1652	-8.154
652	1653	-7.559
653	1654	-10.16
654	1655	-9.614
655	1656	-6.962
656	1657	-6.726
657	1658	-9.263
658	1659	-9.405
659	1660	-9.699
660	1661	-8.329
661	1662	-7.1
662	1663	-7.889
663	1664	-9.361
664	1665	-9.944
665	1666	-9.2
666	1667	-8.724
667	1668	-9.506
668	1669	-7.847
669	1670	-8.045
670	1671	-9.262
671	1672	-9.498
672	1673	-8.67
673	1674	-8.554
674	1675	-8.996
675	1676	-9.762
676	1677	-8.425
677	1678	-8.247
678	1679	-9.265
679	1680	-8.572
680	1681	-6.831
681	1682	-9.293
682	1683	-9.278
683	1684	-8.15
684	1685	-8.856
685	1686	-8.648
686	1687	-9.153
687	1688	-9.691
688	1689	-8.628
689	1690	-6.916
690	1691	-9.458
691	1692	-9.812
692	1693	-9.119
693	1694	-7.258
694	1695	-9.958
695	1696	-9.922
696	1697	-7.842
697	1698	-7.007
698	1699	-9.373
699	1700	-9.322
700	1701	-9.117
701	1702	-8.645
702	1703	-7.512
703	1704	-9.366
704	1705	-9.945
705	1706	-9.52
706	1707	-6.617
707	1708	-7.747
708	1709	-9.997
709	1710	-8.351
710	1711	-9.793
711	1712	-9.471
712	1713	-8.875
713	1714	-8.442
714	1715	-9.438
715	1716	-7.527
716	1717	-7.874
717	1718	-8.9
718	1719	-9.413
719	1720	-6.87
720	1721	-8.453
721	1722	-9.336
722	1723	-7.07
723	1724	-8.302
724	1725	-10.077
725	1726	-8.976
726	1727	-7.077
727	1728	-9.623
728	1729	-9.342
729	1730	-7.986
730	1731	-9.934
731	1732	-7.61
732	1733	-9.096
733	1734	-8.968
734	1735	-8.861
735	1736	-9.402
736	1737	-7.968
737	1738	-8.284
738	1739	-9.326
739	1740	-8.189
740	1741	-8.332
741	1742	-9.372
742	1743	-10.035
743	1744	-9.009
744	1745	-8.35
745	1746	-7.481
746	1747	-9.114
747	1748	-8.006
748	1749	-8.063
749	1750	-9.777
750	1751	-8.352
751	1752	-7.422
752	1753	-9.589
753	1754	-8.535
754	1755	-8.785
755	1756	-9.893
756	1757	-8.245
757	1758	-8.635
758	1759	-10.181
759	1760	-8.782
760	1761	-8.069
761	1762	-8.311
762	1763	-7.975
763	1764	-8.766
764	1765	-8.585
765	1766	-7.815
766	1767	-9.579
767	1768	-8.748
768	1769	-9.115
769	1770	-8.527
770	1771	-7.859
771	1772	-9.856
772	1773	-7.854
773	1774	-7.474
774	1775	-9.59
775	1776	-9.424
776	1777	-6.99
777	1778	-7.618
778	1779	-9.641
779	1780	-8.804
780	1781	-7.715
781	1782	-9.561
782	1783	-9.365
783	1784	-7.427
784	1785	-8.676
785	1786	-9.381
786	1787	-7.555
787	1788	-8.458
788	1789	-9.315
789	1790	-8.638
790	1791	-7.054
791	1792	-8.067
792	1793	-9.756
793	1794	-8.218
794	1795	-9.09
795	1796	-9.633
796	1797	-9.112
797	1798	-8.574
798	1799	-8.493
799	1800	-8.401
800	1801	-6.818
801	1802	-8.343
802	1803	-8.639
803	1804	-7.696
804	1805	-9.013
805	1806	-8.424
806	1807	-8.466
807	1808	-8.938
808	1809	-8.035
809	1810	-8.175
810	1811	-8.324
811	1812	-9.756
812	1813	-8.366
813	1814	-7.621
814	1815	-9.668
815	1816	-9.61
816	1817	-7.277
817	1818	-8.681
818	1819	-9.677
819	1820	-9.671
820	1821	-8.536
821	1822	-9.978
822	1823	-10.336
823	1824	-8.947
824	1825	-7.722
825	1826	-8.938
826	1827	-9.889
827	1828	-9.117
828	1829	-8.572
829	1830	-8.305
830	1831	-8.613
831	1832	-8.545
832	1833	-7.455
833	1834	-7.909
834	1835	-10.035
835	1836	-9.004
836	1837	-8.666
837	1838	-9.448
838	1839	-7.858
839	1840	-8.396
840	1841	-9.131
841	1842	-6.434
842	1843	-8.691
843	1844	-9.669
844	1845	-8.088
845	1846	-8.926
846	1847	-8.967
847	1848	-8.086
848	1849	-8.521
849	1850	-7.823
850	1851	-7.782
851	1852	-8.905
852	1853	-8.869
853	1854	-9.445
854	1855	-10.33
855	1856	-9.2
856	1857	-7.072
857	1858	-8.832
858	1859	-8.656
859	1860	-7.789
860	1861	-10.055
861	1862	-9.079
862	1863	-6.957
863	1864	-7.992
864	1865	-9.195
865	1866	-8.212
866	1867	-8.702
867	1868	-6.431
868	1869	-8.2
869	1870	-10.609
870	1871	-8.932
871	1872	-8.061
872	1873	-9.542
873	1874	-9.273
874	1875	-7.474
875	1876	-9.231
876	1877	-9.644
877	1878	-8.725
878	1879	-7.028
879	1880	-9.162
880	1881	-9.233
881	1882	-6.652
882	1883	-8.708
883	1884	-8.99
884	1885	-8.01
885	1886	-9.465
886	1887	-9.48
887	1888	-8.472
888	1889	-7.606
889	1890	-7.083
890	1891	-9.747
891	1892	-9.298
892	1893	-8.42
893	1894	-8.369
894	1895	-8.155
895	1896	-8.874
896	1897	-7.619
897	1898	-9.435
898	1899	-9.286
899	1900	-9.147
900	1901	-8.426
901	1902	-10.284
902	1903	-7.3
903	1904	-7.889
904	1905	-9.543
905	1906	-7.991
906	1907	-8.328
907	1908	-7.972
908	1909	-9.069
909	1910	-7.19
910	1911	-8.422
911	1912	-9.085
912	1913	-7.961
913	1914	-7.069
914	1915	-7.793
915	1916	-8.794
916	1917	-9.607
917	1918	-9.698
918	1919	-8.697
919	1920	-6.776
920	1921	-8.193
921	1922	-10.028
922	1923	-8.544
923	1924	-8.339
924	1925	-8.903
925	1926	-7.984
926	1927	-7.201
927	1928	-9.518
928	1929	-9.748
929	1930	-7.882
930	1931	-7.242
931	1932	-7.36
932	1933	-9.516
933	1934	-9.341
934	1935	-8.804
935	1936	-8.53
936	1937	-9.832
937	1938	-8.241
938	1939	-8.13
939	1940	-9.606
940	1941	-8.332
941	1942	-7.258
942	1943	-10.125
943	1944	-9.964
944	1945	-8.009
945	1946	-9.027
946	1947	-7.945
947	1948	-7.156
948	1949	-8.598
949	1950	-9.692
950	1951	-9.594
951	1952	-7.985
952	1953	-6.84
953	1954	-8.303
954	1955	-9.002
955	1956	-7.983
956	1957	-7.834
957	1958	-9.667
958	1959	-9.326
959	1960	-7.688
960	1961	-9.196
961	1962	-9.662
962	1963	-9.059
963	1964	-9.21
964	1965	-8.88
965	1966	-8.51
966	1967	-7.869
967	1968	-8.673
968	1969	-8.416
969	1970	-9.767
970	1971	-8.962
971	1972	-7.388
972	1973	-9.054
973	1974	-8.05
974	1975	-8.835
975	1976	-9.179
976	1977	-7.195
977	1978	-8.49
978	1979	-7.902
979	1980	-9.118
980	1981	-10.288
981	1982	-9.752
982	1983	-8.058
983	1984	-8.554
984	1985	-8.737
985	1986	-8.085
986	1987	-8.99
987	1988	-9.472
988	1989	-8.189
989	1990	-7.72
990	1991	-8.373
991	1992	-8.815
992	1993	-8.189
993	1994	-8.795
994	1995	-8.491
995	1996	-7.4
996	1997	-9.231
997	1998	-8.285
998	1999	-8.743
999	2000	-8.875
