depth	true_age	age	sigma_age	d18O	sigma_d18O
0.0	2009.0				
13.0	1779.9936941794408	1750.0	60.0		
14.0	1772.802620835756	1806.04	25.0		
19.0	1749.8941462710893	1725.64	35.05		
28.0	1687.511511594564	1694.79	35.0		
30.0	1675.2928574735604	1480.0	250.0		
41.0	1594.808178362754	1564.76	30.0		
43.0	1586.4769964012094	1510.0	120.02		
52.0	1560.4387454190235	1490.23	50.0		
65.0	1481.033106443427	1482.82	15.0		
66.0	1465.2060656492458	1476.67	14.21		
88.0	1338.98384207531	1440.0	100.0		
90.0	1315.2946110192338	1360.0	55.0		
1.14	1999.8986978070316			-7.987888095677433	0.06
1.22	1999.2600099338408			-7.685310443288729	0.06
1.3	1998.62132206065			-7.549266543135534	0.06
1.38	1997.9826341874593			-7.479974326470515	0.06
1.46	1997.3439463142686			-7.389669215283497	0.06
1.54	1996.7052584410778			-7.286288088752082	0.06
1.62	1996.066570567887			-7.23743227738277	0.06
1.7	1995.4278826946963			-7.287886910117925	0.06
1.78	1994.7891948215054			-7.283256835881827	0.06
1.86	1994.1505069483146			-7.082514529739535	0.06
1.94	1993.5118190751239			-7.193433620583172	0.06
2.02	1992.7361679881217			-7.173195113327189	0.06
2.1	1991.5496272596847			-7.141921318755164	0.06
2.2	1990.0664513491383			-7.236761744838999	0.06
2.3	1988.5832754385922			-7.345042266314834	0.06
2.4	1987.100099528046			-7.320232553259505	0.06
2.5	1985.6169236174997			-7.322330587561543	0.06
2.6	1984.1337477069535			-7.3501966588514165	0.06
2.7	1982.6505717964073			-7.307884421892448	0.06
2.8	1981.1673958858612			-7.476706198004176	0.06
2.9	1979.6842199753148			-7.53292371513142	0.06
3.0	1978.2010440647687			-7.2739530389896565	0.06
3.1	1976.7178681542225			-7.098444899359449	0.06
3.2	1975.2346922436761			-7.292260161881935	0.06
3.3	1973.75151633313			-7.2892193934687635	0.06
3.39	1972.4166580136384			-7.587398161452365	0.06
3.48	1971.0817996941469			-7.375989867260816	0.06
3.57	1969.7469413746553			-7.540483241468505	0.06
3.66	1968.4120830551635			-7.305053449995474	0.06
3.75	1967.077224735672			-7.526002704458169	0.06
3.84	1965.7423664161804			-7.5540194330816	0.06
3.93	1964.4075080966888			-7.552737426124287	0.06
4.08	1962.8564346580285			-7.638527565600006	0.06
4.23	1961.8948403431327			-7.60569669451667	0.06
4.38	1960.9332460282367			-7.492331085934492	0.06
4.53	1959.9716517133406			-7.564814108019044	0.06
4.68	1959.0100573984448			-7.426602727603291	0.06
4.83	1958.0484630835488			-7.3889335630330955	0.06
4.98	1957.0868687686527			-7.132219140197135	0.06
5.11	1956.2534870290763			-7.016500446967374	0.06
5.24	1955.4201052894998			-7.0213408679427785	0.06
5.37	1954.5867235499234			-6.841475892014709	0.06
5.5	1953.7533418103467			-6.755526763310186	0.06
5.63	1952.9199600707702			-6.68890090805538	0.06
5.76	1952.0865783311938			-6.653812897278299	0.06
5.89	1951.2531965916173			-6.893981617162924	0.06
6.02	1950.4469595610467			-6.770076953521428	0.06
6.15	1949.7900184300079			-6.972815273172001	0.06
6.28	1949.1330772989693			-6.928151857042328	0.06
6.41	1948.4761361679305			-6.896399061865509	0.06
6.54	1947.8191950368919			-6.957145651218248	0.06
6.67	1947.162253905853			-7.059415507542284	0.06
6.8	1946.5053127748145			-7.049774552964522	0.06
6.93	1945.8483716437756			-7.289237528212446	0.06
7.06	1945.191430512737			-7.347673348009807	0.06
7.19	1944.5344893816982			-7.44612480971517	0.06
7.32	1943.8775482506596			-7.55583839269568	0.06
7.45	1943.2206071196208			-7.56019123091622	0.06
7.58	1942.5636659885822			-7.571865025534205	0.06
7.66	1942.1593945233276			-7.517183212880904	0.06
7.74	1941.755123058073			-7.506837107832893	0.06
7.82	1941.3508515928183			-7.416110462233288	0.06
7.91	1940.896046194407			-7.398158654164048	0.06
7.99	1940.4917747291524			-7.235962313474413	0.06
8.07	1936.150853333452			-7.4003913365065905	0.06
8.15	1931.2475533762597			-7.14626491095535	0.06
8.23	1926.3442534190672			-7.055342751917218	0.06
8.31	1921.4409534618746			-7.060974432309361	0.06
8.39	1916.537653504682			-7.150445602370991	0.06
8.47	1911.6343535474896			-6.911754398473689	0.06
8.55	1906.731053590297			-7.394960381359181	0.06
8.63	1901.8277536331045			-7.319670599877841	0.06
8.71	1896.924453675912			-7.270909688119645	0.06
8.79	1892.0211537187197			-7.006488276275035	0.06
8.87	1887.1178537615272			-6.946124747108205	0.06
9.03	1877.311253847142			-7.06494794089477	0.06
9.19	1867.504653932757			-6.966167825763104	0.06
9.35	1857.6980540183722			-7.077725520655859	0.06
9.51	1847.8914541039871			-7.083709538568795	0.06
9.67	1838.084854189602			-7.515094447504909	0.06
9.83	1828.278254275217			-7.473060604240092	0.06
9.92	1822.7620418233755			-7.616784453573446	0.06
10.01	1817.7053719944677			-7.399259677060031	0.06
10.1	1816.32504314903			-7.471261935534401	0.06
10.19	1814.9447143035925			-7.4047542124967904	0.06
10.28	1813.564385458155			-7.563533239550977	0.06
10.37	1812.1840566127173			-7.454389020128245	0.06
10.46	1810.8037277672797			-7.34468879196248	0.06
10.55	1809.4233989218421			-7.110718959479424	0.06
10.64	1808.0430700764045			-7.241561668270842	0.06
10.73	1806.662741230967			-7.1896038852972906	0.06
10.82	1805.2824123855294			-7.28297296338551	0.06
10.91	1803.9020835400918			-7.332417356255884	0.06
11.0	1802.5217546946542			-7.262748824688647	0.06
11.09	1801.1414258492168			-7.3035182840474935	0.06
11.18	1799.7610970037792			-7.319700518643047	0.06
11.2	1799.4543572603486			-7.224129587142141	0.06
11.3	1797.9206585431957			-7.411526914256181	0.06
11.4	1796.3869598260428			-7.311404974175455	0.06
11.5	1794.85326110889			-7.389576209804143	0.06
11.6	1793.319562391737			-7.274998491394961	0.06
11.7	1791.7858636745843			-7.2091694258391135	0.06
11.8	1790.2521649574314			-7.2353650331011785	0.06
11.9	1788.7184662402785			-7.247699948068462	0.06
12.0	1787.1847675231256			-7.211207666615427	0.06
12.13	1786.2499279884466			-7.381099234244835	0.06
12.26	1785.3150884537677			-7.441462157757932	0.06
12.39	1784.3802489190884			-7.480500633564014	0.06
12.52	1783.4454093844095			-7.264270740600913	0.06
12.65	1782.5105698497305			-7.356488321672622	0.06
12.78	1781.5757303150515			-7.382857232499359	0.06
12.91	1780.6408907803725			-7.443396030162345	0.06
13.04	1779.7060512456935			-7.189568770701863	0.06
13.17	1778.7712117110143			-7.291001939535023	0.06
13.3	1777.8363721763353			-7.2376084944843635	0.06
13.43	1776.9015326416563			-7.164622266447861	0.06
13.56	1775.9666931069773			-7.157870974455551	0.06
13.69	1775.0318535722984			-7.385096470601982	0.06
13.82	1774.0970140376191			-7.2564375962068315	0.06
13.95	1773.1621745029402			-7.192138196504455	0.06
14.08	1772.4853277136722			-7.119155805609509	0.06
14.21	1771.969726390286			-7.0618215208329955	0.06
14.34	1771.4541250669001			-6.925675125294641	0.06
14.47	1770.938523743514			-7.081638992329022	0.06
14.6	1770.4229224201279			-6.888463880506661	0.06
14.73	1769.9073210967417			-6.9086697229832135	0.06
14.86	1769.3917197733556			-7.00883077806589	0.06
14.99	1768.8761184499695			-6.989795641188993	0.06
15.12	1768.3605171265833			-6.986191967916964	0.06
15.25	1767.8449158031972			-7.047625737627464	0.06
15.38	1767.3293144798113			-7.098746652336043	0.06
15.51	1766.8137131564251			-7.157331412902555	0.06
15.64	1766.298111833039			-7.175361431480625	0.06
15.77	1765.7825105096529			-7.170259942932169	0.06
15.9	1765.2669091862667			-7.272647548977416	0.06
16.1	1764.2174151764052			-7.148606026163325	0.06
16.2	1763.5645375691486			-7.410712757756225	0.06
16.3	1762.9116599618917			-7.336736610454533	0.06
16.4	1762.2587823546348			-7.222738608706974	0.06
16.5	1761.6059047473782			-7.27652439950932	0.06
16.6	1760.9530271401213			-7.291395957105508	0.06
16.7	1760.3001495328645			-7.3094574358191595	0.06
16.8	1759.6472719256076			-7.3591434383465755	0.06
16.9	1758.994394318351			-7.43154147992053	0.06
17.0	1758.341516711094			-7.408681238213134	0.06
17.2	1757.0357614965806			-7.402543368900794	0.06
17.3	1756.3828838893237			-7.408395832418213	0.06
17.4	1755.7300062820668			-7.558833544725688	0.06
17.5	1755.07712867481			-7.371173806409572	0.06
17.7	1753.7713734602964			-7.655860652333864	0.06
17.9	1752.465618245783			-7.709427166941268	0.06
18.0	1751.812740638526			-7.617919494816059	0.06
18.1	1751.6208812017824			-7.633797786342444	0.06
18.2	1751.4290217650387			-7.569658462328023	0.06
18.3	1751.237162328295			-7.684542857268038	0.06
18.4	1751.0453028915513			-7.676016766935118	0.06
18.5	1750.8534434548078			-7.638090107791957	0.06
18.6	1750.661584018064			-7.5856106527221945	0.06
18.7	1750.4697245813204			-7.627028767436815	0.06
18.8	1750.2778651445767			-7.633688699441405	0.06
18.9	1750.086005707833			-7.700616006145942	0.06
19.0	1749.8941462710893			-7.658505740899666	0.06
19.1	1749.7022868343456			-7.701853975310689	0.06
19.2	1749.510427397602			-7.707284059612551	0.06
19.3	1749.3185679608582			-7.586687501898289	0.06
19.4	1749.1267085241145			-7.692268314951748	0.06
19.5	1748.9348490873708			-7.561918221761615	0.06
19.6	1748.7429896506274			-7.6602141846016885	0.06
19.7	1748.5511302138837			-7.578547770518703	0.06
19.8	1748.35927077714			-7.585709461586103	0.06
19.9	1748.1674113403963			-7.458621053316206	0.06
20.0	1747.9755519036526			-7.597746243310862	0.06
20.09	1747.3195112741116			-7.647658690373862	0.06
20.17	1746.736364047853			-7.499058673833033	0.06
20.25	1746.1532168215945			-7.673524041656823	0.06
20.33	1745.5700695953358			-7.567086880163082	0.06
20.42	1744.9140289657948			-7.536861130054155	0.06
20.5	1744.3308817395362			-7.604570930540222	0.06
20.58	1743.7477345132777			-7.558316104031321	0.06
20.67	1743.0916938837368			-7.652500283493929	0.06
20.75	1742.508546657478			-7.690551744496707	0.06
20.83	1741.9253994312194			-7.654082610126285	0.06
20.91	1741.342252204961			-7.708183425679425	0.06
21.0	1740.6862115754197			-7.619663229502393	0.06
21.16	1739.5199171229026			-7.483036451618091	0.06
21.25	1738.8638764933617			-7.571643911430131	0.06
21.33	1738.2807292671032			-7.539752393172016	0.06
21.41	1737.6975820408445			-7.541633465607985	0.06
21.5	1737.0415414113036			-7.435567670070379	0.06
21.58	1736.4583941850449			-7.564411592577724	0.06
21.66	1735.8752469587862			-7.610028647761517	0.06
21.75	1735.2192063292453			-7.553834158566487	0.06
21.83	1734.6360591029868			-7.566224614955611	0.06
21.91	1734.052911876728			-7.623340704300366	0.06
21.99	1733.4697646504694			-7.631176175727793	0.06
22.08	1733.216483900453			-7.554054925031896	0.06
22.16	1733.036096553719			-7.556384073068097	0.06
22.24	1732.855709206985			-7.4969268596415795	0.06
22.33	1732.6527734419092			-7.613410236610972	0.06
22.41	1732.4723860951751			-7.61410950071347	0.06
22.49	1732.291998748441			-7.497346772543365	0.06
22.57	1732.111611401707			-7.588934835231841	0.06
22.66	1731.9086756366312			-7.457311353900131	0.06
22.74	1731.7282882898971			-7.501616639989451	0.06
22.82	1731.5479009431629			-7.416552870601004	0.06
22.91	1731.344965178087			-7.591944714277908	0.06
22.99	1731.164577831353			-7.65888855794037	0.06
23.07	1730.984190484619			-7.515659892071888	0.06
23.32	1730.420480026075			-7.5596372001984715	0.06
23.41	1730.2175442609991			-7.532470056979612	0.06
23.49	1730.037156914265			-7.529682489523628	0.06
23.57	1729.856769567531			-7.357429381197524	0.06
23.65	1729.676382220797			-7.580060463109911	0.06
23.74	1729.4734464557212			-7.543309726440022	0.06
23.82	1729.293059108987			-7.375753788850306	0.06
23.9	1729.112671762253			-7.565754099374294	0.06
23.99	1728.9097359971772			-7.461679852640841	0.06
24.07	1728.58423890487			-7.443397308759391	0.06
24.15	1728.2380118489098			-7.5006735184161375	0.06
24.23	1727.8917847929495			-7.545251281555673	0.06
24.32	1727.502279354994			-7.416220092221394	0.06
24.4	1727.1560522990337			-7.444546288612191	0.06
24.48	1726.8098252430734			-7.514125387802712	0.06
24.57	1726.420319805118			-7.346099376262422	0.06
24.82	1725.338360255242			-7.421678519209755	0.06
25.0	1724.5593493793313			-7.328717179839272	0.06
25.1	1724.1265655593809			-7.4131004143615815	0.06
25.2	1723.6937817394305			-7.251838759230955	0.06
25.3	1723.26099791948			-7.260102671626244	0.06
25.4	1722.8282140995295			-7.212620773134702	0.06
25.5	1722.3954302795792			-7.3287255653109105	0.06
25.6	1721.9626464596288			-7.354517593932739	0.06
25.7	1721.5298626396784			-7.32582733426209	0.06
25.8	1721.0970788197278			-7.292298930813684	0.06
25.9	1720.6642949997774			-7.320828133583702	0.06
26.1	1718.5955112005638			-7.416067004752238	0.06
26.3	1715.3235112420375			-7.483356856649409	0.06
26.4	1713.6875112627745			-7.649751611111126	0.06
26.5	1712.0515112835112			-7.637271723349651	0.06
26.6	1710.4155113042482			-7.614668413202872	0.06
26.7	1708.779511324985			-7.478351789883398	0.06
26.8	1707.143511345722			-7.370479212786272	0.06
26.9	1705.5075113664586			-7.413931973970749	0.06
27.0	1703.8715113871954			-7.477573464634702	0.06
27.1	1702.2355114079323			-7.377597316316656	0.06
27.2	1700.599511428669			-7.319856266804159	0.06
27.4	1697.3275114701428			-7.3393810062720535	0.06
27.5	1695.6915114908797			-7.3854752498705665	0.06
27.6	1694.0555115116165			-7.517894768516964	0.06
27.7	1692.4195115323535			-7.560339927051297	0.06
27.9	1689.1475115738272			-7.466838000572594	0.06
28.0	1687.511511594564			-7.481247097421067	0.06
28.1	1686.9005788885138			-7.432383135164003	0.06
28.2	1686.2896461824635			-7.377298146756845	0.06
28.3	1685.6787134764133			-7.37294468447066	0.06
28.4	1685.0677807703632			-7.304908538072783	0.06
28.5	1684.456848064313			-7.227509585538669	0.06
28.6	1683.8459153582628			-7.253223311442555	0.06
28.7	1683.2349826522127			-7.2905338466717895	0.06
28.8	1682.6240499461626			-7.277735293577188	0.06
28.9	1682.0131172401123			-7.196479836163832	0.06
29.0	1681.4021845340621			-7.095076353551883	0.06
29.1	1680.791251828012			-7.037602960771654	0.06
29.2	1680.1803191219617			-6.999236161135205	0.06
29.3	1679.5693864159116			-6.979442655002946	0.06
29.4	1678.9584537098615			-7.121162434793753	0.06
29.5	1678.3475210038114			-7.105487724483398	0.06
29.7	1677.125655591711			-7.152740303181161	0.06
29.8	1676.5147228856608			-7.260196412187453	0.06
29.9	1675.9037901796105			-7.380216359098638	0.06
30.1	1674.9472932609585			-7.391631246480989	0.06
30.2	1674.601729048357			-7.387086314525311	0.06
30.4	1673.9106006231532			-7.431343583427925	0.06
30.5	1673.5650364105513			-7.410995731502719	0.06
30.6	1673.2194721979495			-7.407107095558724	0.06
30.7	1672.8739079853478			-7.354551122114388	0.06
30.8	1672.528343772746			-7.4762527234748895	0.06
30.9	1672.1827795601441			-7.391273884373898	0.06
31.0	1671.8372153475425			-7.2595672098841435	0.06
31.1	1671.4916511349406			-7.3357302682729335	0.06
31.3	1670.800522709737			-7.26341076433444	0.06
31.5	1670.1093942845334			-7.217709140344875	0.06
31.6	1669.7638300719316			-7.228642483005668	0.06
31.7	1669.4182658593297			-7.224412565321021	0.06
31.8	1669.0727016467279			-7.237562210561273	0.06
31.9	1668.7271374341262			-7.315422797684405	0.06
32.0	1668.3815732215244			-7.414643850048625	0.06
32.2	1666.1005680378412			-7.381091141441829	0.06
32.3	1664.9600654459998			-7.312608303841699	0.06
32.4	1663.8195628541582			-7.151760184417276	0.06
32.5	1662.6790602623166			-7.063782023775488	0.06
32.6	1661.538557670475			-7.031288397564517	0.06
32.7	1660.3980550786337			-7.219465272216575	0.06
32.8	1659.257552486792			-7.116878415758523	0.06
32.9	1658.1170498949505			-7.107276544437654	0.06
33.0	1656.9765473031089			-6.756010293342855	0.06
33.1	1655.8360447112675			-6.9120149990939375	0.06
33.2	1654.695542119426			-7.098579466773729	0.06
33.3	1653.5550395275843			-6.934929660600932	0.06
33.4	1652.414536935743			-6.960018286601658	0.06
33.5	1651.2740343439013			-7.10069149923672	0.06
33.6	1650.1335317520598			-7.1738148927427785	0.06
33.7	1648.9930291602182			-7.26497309633927	0.06
33.8	1647.8525265683768			-7.187094185585545	0.06
33.9	1646.7120239765352			-7.1138834360460015	0.06
34.0	1645.5715213846936			-7.120992569129078	0.06
34.3	1644.4047308179504			-7.025420877564163	0.06
34.4	1644.0158006290362			-7.082868843325019	0.06
34.5	1643.6268704401218			-7.041045720129235	0.06
34.6	1643.2379402512074			-7.026043243017706	0.06
34.7	1642.849010062293			-7.005745814956778	0.06
34.8	1642.4600798733786			-7.00633226069257	0.06
34.9	1642.0711496844642			-7.004449342976581	0.06
35.0	1641.6822194955498			-6.951096140311758	0.06
35.1	1641.2932893066356			-7.128407767900179	0.06
35.2	1640.9043591177212			-7.027662624655039	0.06
35.3	1640.5154289288068			-7.081789608417425	0.06
35.4	1640.1264987398924			-7.06106452590886	0.06
35.5	1639.737568550978			-6.998022179869844	0.06
35.6	1639.3486383620636			-7.167388578604297	0.06
35.7	1638.9597081731495			-7.2115857070205225	0.06
35.9	1638.1818477953207			-7.203846630995821	0.06
36.0	1637.7929176064063			-7.3482276518161935	0.06
36.1	1636.150952710916			-7.379088292831115	0.06
36.2	1634.5089878154256			-7.49019688177102	0.06
36.3	1632.8670229199356			-7.372673285299134	0.06
36.4	1631.2250580244454			-7.40981688876368	0.06
36.5	1629.583093128955			-7.4588064814132515	0.06
36.6	1627.9411282334647			-7.371637930398235	0.06
36.7	1626.2991633379745			-7.240577622375344	0.06
36.8	1624.6571984424843			-7.096696229229622	0.06
36.9	1623.015233546994			-7.182300870758118	0.06
37.0	1621.3732686515036			-7.116190930852452	0.06
37.1	1619.7313037560134			-7.327270282964028	0.06
37.2	1618.0893388605232			-7.331144336618268	0.06
37.3	1616.447373965033			-7.239499315205695	0.06
37.4	1614.8054090695427			-7.283915632302381	0.06
37.5	1613.1634441740525			-7.063212180878961	0.06
37.7	1609.8795143830719			-6.801128427170731	0.06
37.8	1608.2375494875819			-6.978951367890463	0.06
38.0	1604.9536196966012			-7.170203061033935	0.06
38.1	1604.6559739911302			-7.0765372384069005	0.06
38.2	1604.358328285659			-7.283133013134971	0.06
38.3	1604.0606825801879			-7.200168075876417	0.06
38.4	1603.7630368747168			-7.260256639823688	0.06
38.5	1603.4653911692455			-7.263400597845655	0.06
38.6	1603.1677454637745			-7.189011458430253	0.06
38.7	1602.8700997583035			-7.226137521005112	0.06
38.8	1602.5724540528322			-7.117463740168019	0.06
38.9	1602.2748083473612			-7.0723957919577645	0.06
39.0	1601.9771626418901			-7.10929943379977	0.06
39.1	1601.6795169364188			-6.965510387495694	0.06
39.2	1601.3818712309478			-7.007215380457188	0.06
39.3	1601.0842255254765			-6.914283223017175	0.06
39.5	1600.4889341145345			-7.015347642027716	0.06
39.6	1600.1912884090632			-6.905758625778104	0.06
39.7	1599.8936427035921			-6.921546894233165	0.06
39.8	1599.595996998121			-6.9444425316999405	0.06
39.9	1599.2983512926498			-6.856945655917506	0.06
40.0	1599.0007055871788			-6.846028758312841	0.06
40.1	1598.5814528647363			-7.031474894207017	0.06
40.2	1598.1622001422938			-6.930238964064344	0.06
40.3	1597.7429474198514			-7.04680575431655	0.06
40.5	1596.9044419749664			-6.883899451698092	0.06
40.7	1596.0659365300814			-7.030499828413689	0.06
40.8	1595.646683807639			-7.031143989805422	0.06
41.0	1594.808178362754			-7.169726549511916	0.06
41.2	1593.969672917869			-7.392915468834877	0.06
41.3	1593.5504201954266			-7.374143135308716	0.06
41.4	1593.131167472984			-7.458045535856207	0.06
41.7	1591.8734093056567			-7.504633537465097	0.06
41.8	1591.4541565832142			-7.352998111889004	0.06
41.9	1591.0349038607717			-7.369461162180485	0.06
42.0	1590.6156511383292			-7.481538498068515	0.06
42.2	1589.7879201909052			-7.484985951924617	0.06
42.3	1589.3740547171933			-7.488915606062851	0.06
42.4	1588.9601892434812			-7.34626767411456	0.06
42.5	1588.5463237697693			-7.31502169055535	0.06
42.6	1588.1324582960574			-7.3465872169048225	0.06
42.7	1587.7185928223453			-7.35129203766654	0.06
42.8	1587.3047273486334			-7.296766813902524	0.06
42.9	1586.8908618749213			-7.379988670789232	0.06
43.0	1586.4769964012094			-7.337941122023587	0.06
43.1	1586.0631309274975			-7.295203173162273	0.06
43.2	1585.6492654537853			-7.394531534164622	0.06
43.3	1585.2353999800735			-7.3110895112561485	0.06
43.4	1584.8215345063613			-7.40999119034661	0.06
43.5	1584.4076690326494			-7.400345222801612	0.06
43.6	1583.9938035589375			-7.407616364826431	0.06
43.7	1583.5799380852254			-7.477635700222763	0.06
43.8	1583.1660726115135			-7.5649938873808305	0.06
43.9	1582.7522071378014			-7.6033546448646625	0.06
44.0	1582.3383416640895			-7.743386597183291	0.06
44.1	1582.1283164719516			-7.744352666519795	0.06
44.2	1581.9182912798137			-7.636480425098483	0.06
44.3	1581.7082660876758			-7.71318172481648	0.06
44.4	1581.498240895538			-7.813468224773156	0.06
44.5	1581.2882157034			-7.825831099177982	0.06
44.6	1581.0781905112622			-7.74727619160471	0.06
44.7	1580.8681653191243			-7.76119696052028	0.06
44.8	1580.6581401269864			-7.765949969479628	0.06
44.9	1580.4481149348485			-7.743418274194902	0.06
45.1	1580.0280645505725			-7.901315024655738	0.06
45.2	1579.8180393584346			-7.69382734398936	0.06
45.3	1579.6080141662967			-7.802084508867892	0.06
45.4	1579.3979889741588			-7.719947799000759	0.06
45.5	1579.187963782021			-7.761348667939176	0.06
45.6	1578.977938589883			-7.781480249458751	0.06
46.0	1578.1378378213315			-7.697421054144176	0.06
46.2	1577.7748422403547			-7.855016406466298	0.06
46.4	1577.411846659378			-7.745654257327799	0.06
46.6	1577.0488510784014			-7.7669569256615	0.06
46.8	1576.6858554974247			-7.761239759398925	0.06
47.0	1576.322859916448			-7.741579645174691	0.06
47.2	1575.9598643354711			-7.728533210441994	0.06
47.4	1575.5968687544944			-7.666415144299631	0.06
47.6	1575.2338731735178			-7.60821319575892	0.06
47.8	1574.870877592541			-7.479052169551535	0.06
48.0	1574.5078820115643			-7.462860243159003	0.06
48.2	1573.5323136153772			-7.4338421312324146	0.06
48.4	1572.5567452191904			-7.4117149069861865	0.06
48.6	1571.5811768230033			-7.238768535619056	0.06
48.8	1570.6056084268164			-7.102854244894034	0.06
49.0	1569.6300400306293			-7.13963608551139	0.06
49.2	1568.6544716344422			-7.172944354654358	0.06
49.4	1567.6789032382553			-7.300110193560641	0.06
49.6	1566.7033348420682			-7.175282852262031	0.06
49.8	1565.7277664458813			-7.371457703475858	0.06
50.0	1564.7521980496942			-7.3735009546108055	0.06
50.2	1564.3208527866273			-7.367111721888406	0.06
50.4	1563.88950752356			-7.200819194741122	0.06
50.6	1563.458162260493			-7.139032829858893	0.06
50.8	1563.0268169974258			-7.15255970175844	0.06
51.0	1562.5954717343589			-7.2060666404275056	0.06
51.2	1562.1641264712919			-7.179215365656574	0.06
51.4	1561.7327812082247			-7.024249424845546	0.06
51.6	1561.3014359451577			-7.08118754145611	0.06
51.8	1560.8700906820904			-7.042472484705191	0.06
52.0	1560.4387454190235			-7.15060709514353	0.06
52.2	1558.6582566524512			-7.222814769228162	0.06
52.4	1556.8777678858787			-7.054862924725311	0.06
52.6	1555.0972791193064			-7.128819155811729	0.06
52.8	1553.3167903527342			-7.0486973696490836	0.06
53.0	1551.5363015861617			-7.050524991027504	0.06
53.2	1549.7558128195894			-7.02763698390229	0.06
53.4	1547.9753240530172			-7.077819373130544	0.06
53.6	1546.194835286445			-6.91372760122984	0.06
53.8	1544.4143465198724			-7.098801714592968	0.06
54.0	1542.6338577533002			-7.1063445003684285	0.06
54.2	1541.286804058413			-7.1539230806160825	0.06
54.4	1539.939750363526			-7.093704212829917	0.06
54.6	1538.5926966686386			-7.222306995727656	0.06
54.8	1537.2456429737515			-7.106550388093139	0.06
55.0	1535.8985892788644			-7.107218198042291	0.06
55.2	1534.5515355839773			-7.154240509651103	0.06
55.4	1533.2044818890902			-6.952646068196386	0.06
55.6	1531.8574281942028			-6.971882062658604	0.06
55.8	1530.5103744993157			-7.048844684416922	0.06
56.0	1529.1633208044286			-6.987524107096435	0.06
56.2	1528.3372621270273			-7.082885670950368	0.06
56.4	1527.5112034496258			-7.137354659794812	0.06
56.6	1526.6851447722245			-7.200675079728895	0.06
56.8	1525.859086094823			-7.29630787387689	0.06
57.0	1525.0330274174216			-7.323774712694482	0.06
57.2	1524.2069687400203			-7.312599286222631	0.06
57.4	1523.3809100626188			-7.348883122044024	0.06
57.6	1522.5548513852175			-7.244083534153379	0.06
57.8	1521.728792707816			-7.20106416157401	0.06
58.0	1520.9027340304146			-7.234512412840814	0.06
58.2	1520.3596793665076			-7.098271227025261	0.06
58.4	1519.8166247026008			-7.094783897423621	0.06
58.6	1519.2735700386938			-7.089097968870185	0.06
58.8	1518.730515374787			-6.950351689240137	0.06
59.0	1518.1874607108803			-6.97754427316912	0.06
59.2	1517.6444060469732			-6.904775097709971	0.06
59.4	1517.1013513830665			-6.896207285768135	0.06
59.6	1516.5582967191594			-6.9431636172022895	0.06
59.8	1516.0152420552527			-7.039875629613673	0.06
60.0	1515.4721873913456			-7.008921736164282	0.06
60.2	1514.083342510686			-6.9362841626582785	0.06
60.4	1512.6944976300263			-7.2024601483531026	0.06
60.6	1511.3056527493668			-7.086205999199211	0.06
60.8	1509.916807868707			-7.145965726979351	0.06
61.0	1508.5279629880474			-7.277757124161922	0.06
61.2	1507.1391181073877			-7.296396620639935	0.06
61.4	1505.750273226728			-7.339624217594879	0.06
61.6	1504.3614283460686			-7.297337375567023	0.06
61.8	1502.972583465409			-7.254630892939573	0.06
62.0	1501.5837385847492			-7.273583859988746	0.06
62.2	1501.111379450035			-7.312513853471895	0.06
62.4	1500.639020315321			-7.2352558541321015	0.06
62.6	1500.1666611806068			-7.2767719439486696	0.06
62.8	1499.6943020458928			-7.161366013899082	0.06
63.0	1499.2219429111788			-7.306540786599003	0.06
63.2	1498.7495837764645			-7.189271301812878	0.06
63.4	1498.2772246417505			-7.13672032557939	0.06
63.6	1497.8048655070363			-7.11826371877187	0.06
63.8	1497.3325063723223			-7.153860313921809	0.06
64.0	1496.860147237608			-7.217315043085102	0.06
64.2	1493.6947390787718			-7.07641732671067	0.06
64.4	1490.5293309199355			-7.245483633300047	0.06
64.6	1487.3639227610995			-7.323746078875765	0.06
64.8	1484.1985146022632			-7.214063837812139	0.06
65.0	1481.033106443427			-6.878251008327572	0.06
65.2	1477.8676982845907			-6.756568531923645	0.06
65.4	1474.7022901257544			-7.170705357366861	0.06
65.6	1471.5368819669184			-7.192434634101385	0.06
65.8	1468.371473808082			-7.381925648840697	0.06
66.0	1465.2060656492458			-7.249001371635486	0.06
66.2	1464.2468661879532			-7.298061013739076	0.06
66.4	1463.2876667266607			-7.2291025807244695	0.06
66.6	1462.328467265368			-7.315910848360685	0.06
66.8	1461.3692678040757			-7.486907412518749	0.06
67.0	1460.410068342783			-7.584289953017524	0.06
67.2	1459.4508688814904			-7.637298274820427	0.06
67.4	1458.491669420198			-7.692006406070183	0.06
67.6	1457.5324699589053			-7.760264469401331	0.06
67.8	1456.5732704976128			-7.7685865749193095	0.06
68.0	1455.6140710363202			-7.639568878032568	0.06
68.2	1454.5688488884382			-7.668120214280432	0.06
68.4	1453.5236267405562			-7.645238302451813	0.06
68.6	1452.4784045926745			-7.690568836600084	0.06
68.8	1451.4331824447925			-7.556776678830982	0.06
69.0	1450.3879602969105			-7.425043044828714	0.06
69.2	1449.3427381490287			-7.4113903842929165	0.06
69.4	1448.2975160011467			-7.478546562802829	0.06
69.6	1447.252293853265			-7.568504307438349	0.06
69.8	1446.207071705383			-7.38129454845526	0.06
70.0	1445.161849557501			-7.360743262215582	0.06
70.2	1443.8957045965249			-7.226555155247906	0.06
70.4	1442.629559635549			-7.16699695457649	0.06
70.6	1441.363414674573			-7.092457418232507	0.06
70.8	1440.097269713597			-7.072291125129089	0.06
71.0	1438.8311247526208			-7.161833199001502	0.06
71.2	1437.5649797916449			-7.215070190783771	0.06
71.4	1436.2988348306687			-7.130564394180181	0.06
71.6	1435.0326898696928			-7.182769230383782	0.06
71.8	1433.766544908717			-7.2695225805504595	0.06
72.0	1432.5003999477408			-7.1867862512642375	0.06
72.2	1430.2601691679017			-7.21020962030247	0.06
72.4	1428.0199383880627			-7.373747817723038	0.06
72.6	1425.7797076082236			-7.267110916201585	0.06
72.8	1423.5394768283845			-7.308809165282166	0.06
73.0	1421.2992460485455			-7.440405486622745	0.06
73.2	1419.0590152687064			-7.588075936685722	0.06
73.4	1416.8187844888673			-7.413269937711424	0.06
73.6	1414.5785537090283			-7.399213785884931	0.06
73.8	1412.3383229291892			-7.285256211970201	0.06
74.0	1410.0980921493501			-7.021931861753703	0.06
74.2	1409.3745070267214			-6.895620844123335	0.06
74.4	1408.6509219040927			-7.099500535486669	0.06
74.6	1407.927336781464			-7.082233871265441	0.06
74.8	1407.2037516588352			-7.274801335010556	0.06
75.4	1405.0329962909489			-7.2433097924083265	0.06
75.6	1404.3094111683201			-7.2915224811601815	0.06
75.8	1403.5858260456914			-7.333351643572021	0.06
76.0	1402.8622409230627			-7.415373345190488	0.06
76.2	1402.1611983316984			-7.399957704602597	0.06
76.4	1401.4601557403344			-7.397849872115571	0.06
76.6	1400.7591131489703			-7.535709365016914	0.06
76.8	1400.058070557606			-7.52385446097002	0.06
77.0	1399.3570279662417			-7.57566828745764	0.06
77.2	1398.6559853748777			-7.454214833404296	0.06
77.4	1397.9549427835134			-7.337696043170261	0.06
77.6	1397.2539001921493			-7.32309961839505	0.06
77.8	1396.5528576007853			-7.219989218432094	0.06
78.0	1395.851815009421			-7.275233897102368	0.06
78.2	1394.5054270350854			-7.1082228681777995	0.06
78.4	1393.1590390607496			-7.096578287907744	0.06
78.6	1391.812651086414			-7.148703969949443	0.06
78.8	1390.4662631120782			-7.19856279731294	0.06
79.0	1389.1198751377426			-7.213046251889579	0.06
79.2	1387.773487163407			-7.406768653176312	0.06
79.4	1386.4270991890712			-7.239214428587895	0.06
79.6	1385.0807112147356			-7.265721953768952	0.06
79.8	1383.7343232403998			-7.204378873615777	0.06
80.0	1382.3879352660642			-7.4293221357474994	0.06
80.2	1382.0580813968154			-7.457841738135824	0.06
80.4	1381.7282275275666			-7.444747665073031	0.06
80.6	1381.3983736583175			-7.548380569753456	0.06
80.8	1381.0685197890687			-7.616131497636092	0.06
81.0	1380.7386659198198			-7.573421015503009	0.06
81.2	1380.408812050571			-7.6665420530843695	0.06
81.4	1380.0789581813222			-7.66434117739087	0.06
81.6	1379.749104312073			-7.6299070033058385	0.06
81.8	1379.4192504428243			-7.739458632800844	0.06
82.0	1379.0893965735754			-7.720388998480502	0.06
82.2	1376.7753398426005			-7.543898658854305	0.06
82.4	1374.4612831116256			-7.4938518823264335	0.06
82.6	1372.1472263806509			-7.3663969843883175	0.06
83.0	1367.519112918701			-6.945943031354892	0.06
83.4	1362.890999456751			-6.777158015882918	0.06
83.8	1358.2628859948013			-6.950005521033689	0.06
84.2	1355.29178152073			-7.036081291225445	0.06
84.6	1353.9776860345369			-7.005062323801625	0.06
85.0	1352.663590548344			-6.956243990559984	0.06
85.4	1351.3494950621512			-6.96372052501928	0.06
85.8	1350.035399575958			-6.956852483440852	0.06
86.2	1348.3389008571064			-7.101863572398452	0.06
86.6	1346.2599989055961			-7.154053382068366	0.06
87.0	1344.1810969540857			-7.199460234809575	0.06
87.4	1342.1021950025754			-7.112439180436204	0.06
87.8	1340.0232930510651			-7.241691957422731	0.06
88.2	1336.6149189697023			-7.343868251042133	0.06
88.6	1331.8770727584872			-7.557871013990868	0.06
89.0	1327.1392265472718			-6.946983920121171	0.06
89.8	1317.6635341248414			-7.069651679268511	0.06
90.2	1314.3704426766428			-7.1181584721501565	0.06
90.6	1312.5221059914609			-7.134758493749717	0.06
91.0	1310.673769306279			-7.2405373472400925	0.06
91.4	1308.825432621097			-7.2914415028315	0.06
91.8	1306.977095935915			-7.275090195003946	0.06
92.2	1304.4537863824414			-7.34632408929897	0.06
92.5	1302.0550745661174			-7.390202627983849	0.06
