Year	d18O	Filtered d18O
1001	-6.064	-6.272
1002	-9.543	-6.734
1003	-8.639	-7.019
1004	-6.484	-7.170
1005	-8.433	-7.285
1006	-8.402	-7.333
1007	-5.904	-7.335
1008	-7.904	-7.368
1009	-8.410	-7.385
1010	-5.901	-7.373
1011	-6.901	-7.423
1012	-9.341	-7.490
1013	-7.295	-7.481
1014	-6.995	-7.446
1015	-9.121	-7.396
1016	-8.024	-7.251
1017	-5.459	-7.064
1018	-6.694	-6.945
1019	-4.631	-6.936
1020	-7.959	-7.026
1021	-8.123	-7.101
1022	-6.521	-7.117
1023	-6.162	-7.161
1024	-8.752	-7.233
1025	-6.883	-7.263
1026	-5.049	-7.332
1027	-8.577	-7.497
1028	-8.934	-7.633
1029	-8.297	-7.660
1030	-6.730	-7.646
1031	-7.201	-7.674
1032	-9.120	-7.713
1033	-6.233	-7.731
1034	-6.846	-7.813
1035	-8.979	-7.956
1036	-10.278	-8.014
1037	-8.512	-7.919
1038	-7.642	-7.740
1039	-7.074	-7.563
1040	-7.374	-7.413
1041	-7.353	-7.277
1042	-5.746	-7.173
1043	-7.787	-7.122
1044	-6.133	-7.098
1045	-6.581	-7.119
1046	-7.908	-7.173
1047	-6.318	-7.226
1048	-8.717	-7.270
1049	-6.716	-7.278
1050	-6.927	-7.287
1051	-8.367	-7.301
1052	-7.796	-7.257
1053	-7.508	-7.151
1054	-6.973	-7.014
1055	-3.934	-6.946
1056	-8.792	-6.985
1057	-7.535	-6.995
1058	-5.473	-6.970
1059	-6.727	-7.015
1060	-6.996	-7.113
1061	-7.692	-7.213
1062	-6.827	-7.304
1063	-7.208	-7.412
1064	-8.292	-7.523
1065	-7.738	-7.597
1066	-8.141	-7.632
1067	-7.660	-7.638
1068	-7.732	-7.626
1069	-6.380	-7.641
1070	-8.811	-7.688
1071	-8.398	-7.693
1072	-7.438	-7.639
1073	-8.651	-7.550
1074	-8.475	-7.383
1075	-6.769	-7.144
1076	-5.182	-6.940
1077	-6.674	-6.837
1078	-7.096	-6.779
1079	-5.992	-6.728
1080	-5.791	-6.729
1081	-7.524	-6.776
1082	-6.946	-6.807
1083	-4.815	-6.863
1084	-7.886	-6.996
1085	-8.540	-7.099
1086	-6.702	-7.118
1087	-6.787	-7.131
1088	-8.041	-7.148
1089	-6.973	-7.134
1090	-5.905	-7.136
1091	-7.891	-7.187
1092	-7.442	-7.227
1093	-8.241	-7.214
1094	-8.280	-7.114
1095	-6.436	-6.943
1096	-4.092	-6.836
1097	-7.662	-6.861
1098	-7.059	-6.909
1099	-6.960	-6.930
1100	-7.954	-6.919
1101	-6.306	-6.870
1102	-5.343	-6.861
1103	-7.571	-6.927
1104	-5.518	-7.036
1105	-6.860	-7.214
1106	-8.410	-7.423
1107	-8.945	-7.557
1108	-7.316	-7.604
1109	-7.666	-7.629
1110	-8.309	-7.643
1111	-7.205	-7.633
1112	-8.605	-7.603
1113	-7.284	-7.540
1114	-5.718	-7.510
1115	-8.111	-7.562
1116	-9.189	-7.592
1117	-7.084	-7.539
1118	-7.098	-7.478
1119	-7.531	-7.446
1120	-8.239	-7.397
1121	-6.483	-7.326
1122	-5.510	-7.321
1123	-7.814	-7.418
1124	-8.432	-7.518
1125	-7.431	-7.566
1126	-8.267	-7.580
1127	-7.787	-7.557
1128	-7.470	-7.507
1129	-6.922	-7.466
1130	-9.113	-7.411
1131	-7.601	-7.275
1132	-5.082	-7.133
1133	-5.939	-7.114
1134	-8.948	-7.161
1135	-7.246	-7.145
1136	-5.438	-7.121
1137	-6.906	-7.187
1138	-9.017	-7.264
1139	-6.545	-7.280
1140	-7.365	-7.286
1141	-7.251	-7.308
1142	-8.192	-7.309
1143	-7.526	-7.260
1144	-6.408	-7.196
1145	-7.307	-7.161
1146	-7.723	-7.123
1147	-4.428	-7.119
1148	-7.771	-7.221
1149	-8.927	-7.323
1150	-8.341	-7.305
1151	-6.634	-7.209
1152	-7.110	-7.115
1153	-5.926	-7.065
1154	-6.722	-7.082
1155	-7.029	-7.148
1156	-6.552	-7.246
1157	-7.255	-7.385
1158	-7.878	-7.540
1159	-9.110	-7.644
1160	-8.300	-7.650
1161	-7.108	-7.599
1162	-7.808	-7.550
1163	-8.216	-7.481
1164	-6.053	-7.404
1165	-7.645	-7.368
1166	-8.905	-7.313
1167	-4.537	-7.239
1168	-6.728	-7.274
1169	-8.887	-7.366
1170	-7.443	-7.394
1171	-6.839	-7.395
1172	-8.648	-7.392
1173	-5.852	-7.378
1174	-8.411	-7.383
1175	-8.659	-7.342
1176	-6.692	-7.222
1177	-5.388	-7.140
1178	-8.047	-7.136
1179	-6.591	-7.145
1180	-7.289	-7.155
1181	-7.432	-7.165
1182	-6.191	-7.184
1183	-8.722	-7.207
1184	-7.499	-7.172
1185	-6.025	-7.109
1186	-6.627	-7.104
1187	-8.461	-7.117
1188	-7.451	-7.065
1189	-3.876	-7.038
1190	-8.015	-7.139
1191	-8.147	-7.253
1192	-6.783	-7.313
1193	-7.557	-7.373
1194	-7.760	-7.429
1195	-7.474	-7.463
1196	-7.670	-7.483
1197	-8.014	-7.481
1198	-7.596	-7.443
1199	-6.859	-7.397
1200	-7.349	-7.375
1201	-7.290	-7.371
1202	-7.150	-7.376
1203	-7.422	-7.395
1204	-8.714	-7.384
1205	-7.480	-7.301
1206	-6.327	-7.198
1207	-7.420	-7.127
1208	-6.899	-7.067
1209	-6.681	-7.017
1210	-6.448	-7.001
1211	-7.008	-7.023
1212	-7.592	-7.045
1213	-5.522	-7.079
1214	-7.142	-7.178
1215	-8.464	-7.288
1216	-7.214	-7.344
1217	-8.124	-7.358
1218	-7.881	-7.322
1219	-7.953	-7.221
1220	-6.018	-7.096
1221	-5.472	-7.047
1222	-8.207	-7.075
1223	-7.397	-7.077
1224	-5.671	-7.071
1225	-7.882	-7.107
1226	-7.551	-7.128
1227	-6.794	-7.117
1228	-6.393	-7.131
1229	-6.671	-7.202
1230	-8.399	-7.291
1231	-8.578	-7.306
1232	-5.574	-7.272
1233	-7.505	-7.286
1234	-7.293	-7.332
1235	-7.842	-7.363
1236	-8.005	-7.354
1237	-6.310	-7.326
1238	-7.296	-7.334
1239	-6.873	-7.382
1240	-8.689	-7.425
1241	-7.504	-7.415
1242	-6.857	-7.382
1243	-6.584	-7.393
1244	-7.372	-7.461
1245	-8.468	-7.529
1246	-7.246	-7.561
1247	-6.865	-7.603
1248	-8.771	-7.663
1249	-8.221	-7.672
1250	-7.306	-7.633
1251	-6.890	-7.615
1252	-8.625	-7.617
1253	-7.588	-7.586
1254	-6.488	-7.557
1255	-8.652	-7.554
1256	-6.464	-7.549
1257	-7.560	-7.572
1258	-8.799	-7.592
1259	-8.598	-7.526
1260	-7.478	-7.372
1261	-4.848	-7.246
1262	-7.641	-7.228
1263	-6.615	-7.266
1264	-7.098	-7.331
1265	-8.969	-7.385
1266	-7.621	-7.359
1267	-5.185	-7.334
1268	-7.565	-7.406
1269	-8.862	-7.489
1270	-8.077	-7.485
1271	-6.735	-7.434
1272	-7.875	-7.392
1273	-7.974	-7.326
1274	-7.204	-7.216
1275	-5.412	-7.134
1276	-8.187	-7.111
1277	-7.931	-7.055
1278	-4.929	-6.981
1279	-7.518	-6.973
1280	-8.438	-6.952
1281	-4.604	-6.901
1282	-5.803	-6.956
1283	-7.984	-7.105
1284	-9.216	-7.188
1285	-7.970	-7.126
1286	-4.601	-7.032
1287	-6.868	-7.043
1288	-8.224	-7.096
1289	-7.706	-7.080
1290	-5.761	-7.037
1291	-7.109	-7.040
1292	-6.959	-7.075
1293	-6.707	-7.125
1294	-6.480	-7.217
1295	-7.638	-7.350
1296	-9.241	-7.441
1297	-7.255	-7.439
1298	-7.553	-7.397
1299	-6.627	-7.371
1300	-7.661	-7.371
1301	-7.550	-7.370
1302	-6.954	-7.364
1303	-7.519	-7.370
1304	-7.998	-7.362
1305	-6.687	-7.336
1306	-7.427	-7.323
1307	-7.920	-7.306
1308	-6.886	-7.264
1309	-7.104	-7.230
1310	-7.032	-7.216
1311	-7.497	-7.207
1312	-6.936	-7.195
1313	-7.467	-7.181
1314	-7.499	-7.151
1315	-6.429	-7.113
1316	-7.175	-7.099
1317	-6.975	-7.101
1318	-7.273	-7.104
1319	-6.967	-7.104
1320	-7.236	-7.104
1321	-7.742	-7.084
1322	-6.319	-7.046
1323	-6.178	-7.051
1324	-8.257	-7.087
1325	-9.284	-7.031
1326	-4.157	-6.901
1327	-3.829	-6.930
1328	-8.353	-7.153
1329	-8.661	-7.361
1330	-7.885	-7.463
1331	-8.129	-7.495
1332	-7.881	-7.475
1333	-7.305	-7.422
1334	-7.659	-7.356
1335	-6.255	-7.305
1336	-7.554	-7.292
1337	-8.127	-7.271
1338	-5.810	-7.236
1339	-8.036	-7.231
1340	-7.541	-7.213
1341	-7.430	-7.152
1342	-5.832	-7.100
1343	-6.362	-7.123
1344	-8.382	-7.187
1345	-6.831	-7.220
1346	-7.132	-7.245
1347	-8.900	-7.244
1348	-6.870	-7.171
1349	-6.392	-7.088
1350	-8.236	-7.017
1351	-6.574	-6.911
1352	-3.855	-6.867
1353	-8.487	-6.944
1354	-7.444	-7.008
1355	-6.654	-7.020
1356	-7.861	-7.019
1357	-7.237	-6.979
1358	-5.896	-6.930
1359	-6.645	-6.934
1360	-8.278	-6.945
1361	-7.894	-6.871
1362	-4.303	-6.775
1363	-6.683	-6.778
1364	-8.251	-6.813
1365	-5.625	-6.807
1366	-6.165	-6.842
1367	-7.599	-6.924
1368	-6.901	-6.990
1369	-5.894	-7.074
1370	-8.072	-7.198
1371	-6.569	-7.326
1372	-8.214	-7.451
1373	-8.809	-7.524
1374	-7.092	-7.524
1375	-6.973	-7.528
1376	-7.930	-7.562
1377	-7.041	-7.605
1378	-7.513	-7.671
1379	-9.053	-7.726
1380	-8.534	-7.698
1381	-7.293	-7.601
1382	-7.846	-7.491
1383	-7.945	-7.355
1384	-5.480	-7.225
1385	-6.322	-7.190
1386	-7.337	-7.239
1387	-7.089	-7.311
1388	-8.229	-7.369
1389	-9.066	-7.347
1390	-6.506	-7.236
1391	-6.342	-7.138
1392	-6.748	-7.107
1393	-7.742	-7.097
1394	-5.493	-7.105
1395	-7.953	-7.158
1396	-7.694	-7.199
1397	-5.582	-7.237
1398	-8.004	-7.328
1399	-8.347	-7.403
1400	-6.751	-7.431
1401	-7.918	-7.457
1402	-7.646	-7.473
1403	-8.571	-7.441
1404	-6.159	-7.378
1405	-7.098	-7.355
1406	-8.805	-7.338
1407	-7.426	-7.250
1408	-7.375	-7.109
1409	-5.350	-6.991
1410	-4.954	-7.001
1411	-8.059	-7.131
1412	-7.479	-7.261
1413	-7.571	-7.351
1414	-8.550	-7.395
1415	-6.955	-7.387
1416	-6.050	-7.405
1417	-7.648	-7.498
1418	-8.082	-7.606
1419	-8.904	-7.656
1420	-8.439	-7.609
1421	-7.218	-7.497
1422	-6.610	-7.398
1423	-7.505	-7.341
1424	-7.841	-7.281
1425	-5.663	-7.229
1426	-7.752	-7.228
1427	-6.326	-7.264
1428	-7.999	-7.316
1429	-8.237	-7.335
1430	-6.519	-7.311
1431	-7.667	-7.295
1432	-7.486	-7.275
1433	-6.663	-7.250
1434	-7.318	-7.247
1435	-7.521	-7.248
1436	-7.071	-7.238
1437	-7.016	-7.235
1438	-7.285	-7.246
1439	-8.445	-7.231
1440	-7.402	-7.147
1441	-6.124	-7.043
1442	-5.464	-7.017
1443	-7.319	-7.087
1444	-6.855	-7.192
1445	-6.994	-7.316
1446	-8.323	-7.443
1447	-8.062	-7.521
1448	-8.935	-7.513
1449	-6.341	-7.448
1450	-6.303	-7.432
1451	-7.271	-7.505
1452	-8.190	-7.604
1453	-7.878	-7.675
1454	-8.178	-7.709
1455	-8.513	-7.694
1456	-5.906	-7.670
1457	-7.903	-7.709
1458	-8.840	-7.755
1459	-8.511	-7.722
1460	-8.579	-7.598
1461	-6.706	-7.424
1462	-6.926	-7.269
1463	-5.889	-7.181
1464	-5.762	-7.203
1465	-8.147	-7.309
1466	-8.243	-7.388
1467	-8.432	-7.376
1468	-6.318	-7.315
1469	-6.512	-7.297
1470	-8.250	-7.320
1471	-7.847	-7.302
1472	-6.439	-7.255
1473	-7.773	-7.220
1474	-7.434	-7.172
1475	-8.026	-7.073
1476	-7.426	-6.906
1477	-4.456	-6.747
1478	-5.459	-6.721
1479	-7.043	-6.810
1480	-6.953	-6.918
1481	-7.586	-7.004
1482	-5.943	-7.089
1483	-7.477	-7.209
1484	-8.784	-7.309
1485	-6.739	-7.342
1486	-7.668	-7.361
1487	-8.283	-7.357
1488	-6.822	-7.311
1489	-6.810	-7.278
1490	-8.746	-7.242
1491	-6.801	-7.152
1492	-5.527	-7.081
1493	-7.509	-7.086
1494	-7.508	-7.098
1495	-5.420	-7.122
1496	-8.753	-7.181
1497	-7.898	-7.186
1498	-5.671	-7.154
1499	-7.006	-7.182
1500	-7.772	-7.243
1501	-7.042	-7.288
1502	-8.079	-7.314
1503	-7.388	-7.304
1504	-6.286	-7.297
1505	-7.851	-7.325
1506	-7.564	-7.347
1507	-7.242	-7.347
1508	-8.373	-7.321
1509	-7.106	-7.247
1510	-6.201	-7.180
1511	-8.092	-7.141
1512	-5.411	-7.121
1513	-8.649	-7.126
1514	-7.911	-7.076
1515	-5.580	-6.980
1516	-6.436	-6.948
1517	-8.126	-6.946
1518	-5.153	-6.942
1519	-6.495	-7.012
1520	-8.115	-7.128
1521	-7.281	-7.206
1522	-7.648	-7.244
1523	-6.885	-7.271
1524	-7.778	-7.294
1525	-7.734	-7.292
1526	-7.360	-7.253
1527	-7.581	-7.187
1528	-6.506	-7.115
1529	-7.443	-7.053
1530	-7.694	-6.969
1531	-4.375	-6.902
1532	-6.637	-6.951
1533	-8.701	-7.038
1534	-6.278	-7.069
1535	-7.617	-7.085
1536	-7.285	-7.089
1537	-5.594	-7.108
1538	-8.514	-7.165
1539	-6.940	-7.197
1540	-6.888	-7.218
1541	-9.100	-7.214
1542	-7.470	-7.114
1543	-4.985	-7.000
1544	-7.347	-6.969
1545	-7.554	-6.954
1546	-5.517	-6.935
1547	-7.271	-6.964
1548	-8.259	-6.982
1549	-5.268	-6.970
1550	-7.249	-7.006
1551	-7.355	-7.065
1552	-8.174	-7.076
1553	-6.334	-7.042
1554	-5.467	-7.056
1555	-8.457	-7.134
1556	-8.000	-7.165
1557	-5.893	-7.152
1558	-7.657	-7.170
1559	-7.663	-7.182
1560	-7.435	-7.151
1561	-5.902	-7.124
1562	-7.472	-7.143
1563	-7.089	-7.179
1564	-6.719	-7.224
1565	-8.096	-7.276
1566	-7.880	-7.284
1567	-7.024	-7.247
1568	-8.111	-7.184
1569	-6.782	-7.087
1570	-4.260	-7.052
1571	-6.886	-7.172
1572	-9.425	-7.324
1573	-6.380	-7.404
1574	-7.393	-7.484
1575	-7.941	-7.586
1576	-7.742	-7.670
1577	-7.975	-7.736
1578	-8.995	-7.756
1579	-5.909	-7.755
1580	-8.829	-7.790
1581	-8.873	-7.791
1582	-8.021	-7.704
1583	-7.008	-7.589
1584	-8.172	-7.477
1585	-7.233	-7.348
1586	-4.761	-7.270
1587	-8.073	-7.301
1588	-7.315	-7.358
1589	-7.507	-7.395
1590	-7.714	-7.420
1591	-7.016	-7.438
1592	-8.269	-7.450
1593	-8.034	-7.415
1594	-7.973	-7.313
1595	-7.333	-7.157
1596	-4.910	-7.029
1597	-6.907	-7.005
1598	-8.912	-6.991
1599	-6.143	-6.903
1600	-4.652	-6.859
1601	-6.529	-6.957
1602	-7.408	-7.123
1603	-8.841	-7.247
1604	-8.686	-7.247
1605	-6.227	-7.158
1606	-7.045	-7.081
1607	-6.836	-7.033
1608	-7.249	-6.991
1609	-6.930	-6.940
1610	-5.847	-6.910
1611	-7.011	-6.931
1612	-7.194	-6.970
1613	-5.774	-7.027
1614	-7.723	-7.126
1615	-7.548	-7.218
1616	-7.056	-7.284
1617	-8.397	-7.327
1618	-6.417	-7.345
1619	-8.867	-7.344
1620	-6.777	-7.303
1621	-7.083	-7.255
1622	-8.299	-7.202
1623	-6.158	-7.122
1624	-6.248	-7.083
1625	-7.936	-7.090
1626	-6.003	-7.102
1627	-6.352	-7.169
1628	-8.554	-7.273
1629	-7.553	-7.327
1630	-6.554	-7.357
1631	-8.520	-7.394
1632	-7.508	-7.392
1633	-6.063	-7.389
1634	-8.105	-7.433
1635	-7.829	-7.467
1636	-7.836	-7.457
1637	-8.703	-7.386
1638	-6.081	-7.269
1639	-7.023	-7.182
1640	-8.179	-7.107
1641	-5.151	-7.029
1642	-7.305	-7.010
1643	-7.232	-7.019
1644	-6.428	-7.024
1645	-6.149	-7.077
1646	-7.751	-7.177
1647	-8.564	-7.239
1648	-7.388	-7.215
1649	-5.641	-7.188
1650	-8.435	-7.204
1651	-8.124	-7.173
1652	-6.791	-7.070
1653	-5.223	-7.003
1654	-8.330	-6.998
1655	-8.098	-6.941
1656	-4.669	-6.849
1657	-5.026	-6.882
1658	-8.092	-7.038
1659	-8.482	-7.154
1660	-8.500	-7.142
1661	-6.318	-7.047
1662	-4.992	-7.006
1663	-6.657	-7.095
1664	-7.943	-7.238
1665	-7.947	-7.342
1666	-8.047	-7.382
1667	-7.852	-7.360
1668	-7.688	-7.287
1669	-5.891	-7.215
1670	-6.712	-7.211
1671	-6.988	-7.273
1672	-7.955	-7.346
1673	-7.367	-7.397
1674	-7.871	-7.423
1675	-7.743	-7.419
1676	-8.362	-7.362
1677	-7.309	-7.245
1678	-5.811	-7.134
1679	-7.658	-7.072
1680	-6.208	-7.035
1681	-5.469	-7.065
1682	-8.363	-7.166
1683	-8.271	-7.220
1684	-5.317	-7.239
1685	-8.161	-7.308
1686	-6.435	-7.406
1687	-8.709	-7.501
1688	-8.548	-7.534
1689	-6.531	-7.511
1690	-6.852	-7.529
1691	-8.737	-7.576
1692	-7.878	-7.574
1693	-7.728	-7.522
1694	-6.589	-7.475
1695	-8.829	-7.432
1696	-7.860	-7.328
1697	-5.485	-7.205
1698	-6.481	-7.173
1699	-7.459	-7.212
1700	-7.251	-7.257
1701	-6.797	-7.308
1702	-8.027	-7.369
1703	-6.621	-7.430
1704	-8.314	-7.494
1705	-8.959	-7.501
1706	-7.766	-7.405
1707	-5.250	-7.306
1708	-6.070	-7.333
1709	-8.166	-7.457
1710	-7.485	-7.579
1711	-8.890	-7.657
1712	-8.381	-7.658
1713	-6.805	-7.612
1714	-7.815	-7.582
1715	-8.826	-7.528
1716	-6.545	-7.425
1717	-6.244	-7.362
1718	-8.153	-7.357
1719	-8.269	-7.317
1720	-5.217	-7.259
1721	-7.844	-7.266
1722	-8.444	-7.266
1723	-5.111	-7.246
1724	-7.445	-7.299
1725	-8.306	-7.376
1726	-7.924	-7.388
1727	-5.578	-7.397
1728	-8.475	-7.457
1729	-7.800	-7.505
1730	-6.762	-7.531
1731	-8.635	-7.562
1732	-7.485	-7.560
1733	-7.019	-7.549
1734	-7.547	-7.566
1735	-8.298	-7.580
1736	-8.073	-7.544
1737	-6.578	-7.487
1738	-6.967	-7.475
1739	-7.789	-7.504
1740	-6.697	-7.553
1741	-7.882	-7.632
1742	-8.259	-7.705
1743	-8.438	-7.727
1744	-8.636	-7.675
1745	-6.992	-7.571
1746	-5.574	-7.521
1747	-8.861	-7.551
1748	-6.819	-7.583
1749	-7.340	-7.627
1750	-9.363	-7.662
1751	-7.195	-7.631
1752	-6.538	-7.605
1753	-9.045	-7.607
1754	-7.385	-7.569
1755	-6.840	-7.521
1756	-7.882	-7.502
1757	-7.277	-7.486
1758	-7.863	-7.462
1759	-7.500	-7.420
1760	-7.689	-7.356
1761	-6.717	-7.288
1762	-6.559	-7.258
1763	-7.323	-7.275
1764	-7.934	-7.292
1765	-7.584	-7.267
1766	-7.027	-7.215
1767	-7.977	-7.144
1768	-6.451	-7.051
1769	-6.824	-6.970
1770	-5.798	-6.941
1771	-6.912	-6.974
1772	-8.357	-7.005
1773	-4.420	-7.036
1774	-6.910	-7.170
1775	-9.870	-7.319
1776	-8.880	-7.307
1777	-4.747	-7.214
1778	-6.942	-7.213
1779	-8.364	-7.259
1780	-6.998	-7.263
1781	-5.776	-7.290
1782	-8.868	-7.362
1783	-7.614	-7.391
1784	-7.001	-7.381
1785	-7.595	-7.379
1786	-7.695	-7.367
1787	-6.877	-7.345
1788	-7.228	-7.342
1789	-8.667	-7.322
1790	-7.510	-7.230
1791	-4.198	-7.165
1792	-7.872	-7.226
1793	-9.083	-7.283
1794	-5.815	-7.271
1795	-6.948	-7.295
1796	-7.644	-7.366
1797	-8.288	-7.410
1798	-8.130	-7.385
1799	-6.585	-7.318
1800	-7.874	-7.253
1801	-5.358	-7.223
1802	-7.701	-7.260
1803	-8.226	-7.297
1804	-6.738	-7.291
1805	-7.551	-7.283
1806	-7.041	-7.282
1807	-7.422	-7.282
1808	-7.776	-7.268
1809	-6.913	-7.234
1810	-5.623	-7.243
1811	-7.377	-7.341
1812	-8.742	-7.445
1813	-7.365	-7.487
1814	-7.078	-7.513
1815	-9.140	-7.523
1816	-7.774	-7.455
1817	-4.337	-7.407
1818	-7.824	-7.497
1819	-9.217	-7.608
1820	-7.304	-7.637
1821	-7.756	-7.640
1822	-8.184	-7.632
1823	-8.322	-7.575
1824	-7.149	-7.474
1825	-5.514	-7.419
1826	-7.853	-7.457
1827	-8.594	-7.496
1828	-8.012	-7.456
1829	-6.765	-7.376
1830	-6.740	-7.327
1831	-7.432	-7.320
1832	-7.802	-7.309
1833	-5.315	-7.322
1834	-7.987	-7.408
1835	-8.332	-7.495
1836	-7.640	-7.522
1837	-7.430	-7.525
1838	-8.427	-7.506
1839	-7.166	-7.450
1840	-7.512	-7.382
1841	-8.479	-7.285
1842	-5.306	-7.172
1843	-7.414	-7.115
1844	-7.509	-7.078
1845	-5.380	-7.055
1846	-7.607	-7.092
1847	-7.522	-7.135
1848	-7.060	-7.148
1849	-7.339	-7.151
1850	-6.669	-7.160
1851	-7.084	-7.190
1852	-7.952	-7.221
1853	-6.769	-7.228
1854	-8.082	-7.219
1855	-8.066	-7.155
1856	-6.015	-7.050
1857	-6.258	-6.992
1858	-6.724	-7.004
1859	-7.296	-7.042
1860	-6.504	-7.090
1861	-7.968	-7.139
1862	-7.852	-7.144
1863	-5.592	-7.131
1864	-8.224	-7.150
1865	-7.414	-7.148
1866	-6.902	-7.110
1867	-8.231	-7.047
1868	-4.662	-6.987
1869	-6.315	-7.033
1870	-8.056	-7.150
1871	-7.777	-7.226
1872	-7.206	-7.253
1873	-7.883	-7.252
1874	-7.834	-7.205
1875	-5.240	-7.159
1876	-8.239	-7.166
1877	-7.911	-7.149
1878	-7.148	-7.064
1879	-5.715	-6.988
1880	-8.579	-6.932
1881	-7.514	-6.807
1882	-4.278	-6.666
1883	-6.657	-6.627
1884	-6.657	-6.645
1885	-5.490	-6.692
1886	-7.407	-6.784
1887	-8.476	-6.833
1888	-7.295	-6.772
1889	-3.870	-6.714
1890	-7.107	-6.777
1891	-7.379	-6.883
1892	-7.293	-6.947
1893	-5.722	-7.013
1894	-7.502	-7.126
1895	-8.243	-7.227
1896	-7.524	-7.261
1897	-6.240	-7.283
1898	-8.136	-7.330
1899	-7.766	-7.353
1900	-6.602	-7.353
1901	-7.374	-7.382
1902	-8.852	-7.392
1903	-6.189	-7.359
1904	-6.938	-7.359
1905	-8.744	-7.375
1906	-7.550	-7.327
1907	-5.803	-7.270
1908	-8.458	-7.251
1909	-8.102	-7.186
1910	-5.411	-7.086
1911	-7.738	-7.030
1912	-7.473	-6.967
1913	-6.095	-6.881
1914	-4.895	-6.871
1915	-7.004	-6.980
1916	-8.531	-7.101
1917	-7.458	-7.142
1918	-7.804	-7.114
1919	-6.544	-7.056
1920	-5.759	-7.038
1921	-7.710	-7.082
1922	-7.575	-7.115
1923	-6.946	-7.113
1924	-6.961	-7.111
1925	-7.788	-7.105
1926	-6.459	-7.083
1927	-6.323	-7.095
1928	-8.613	-7.124
1929	-7.106	-7.098
1930	-6.677	-7.043
1931	-5.248	-7.051
1932	-6.682	-7.171
1933	-8.579	-7.330
1934	-8.903	-7.400
1935	-6.678	-7.381
1936	-6.600	-7.380
1937	-9.159	-7.391
1938	-6.705	-7.349
1939	-5.843	-7.332
1940	-8.487	-7.378
1941	-7.117	-7.414
1942	-6.383	-7.463
1943	-9.111	-7.535
1944	-9.319	-7.509
1945	-7.036	-7.361
1946	-7.572	-7.174
1947	-5.835	-7.004
1948	-5.642	-6.915
1949	-6.906	-6.919
1950	-7.910	-6.932
1951	-8.169	-6.863
1952	-4.946	-6.749
1953	-5.208	-6.731
1954	-7.296	-6.822
1955	-7.211	-6.921
1956	-5.587	-7.029
1957	-7.110	-7.205
1958	-9.039	-7.380
1959	-7.876	-7.464
1960	-6.781	-7.504
1961	-8.246	-7.553
1962	-7.928	-7.576
1963	-7.503	-7.566
1964	-8.004	-7.538
1965	-7.285	-7.493
1966	-7.056	-7.458
1967	-7.921	-7.435
1968	-7.106	-7.406
1969	-5.924	-7.417
1970	-8.519	-7.485
1971	-8.646	-7.510
1972	-7.117	-7.460
1973	-7.853	-7.388
1974	-6.866	-7.312
1975	-7.501	-7.240
1976	-6.688	-7.178
1977	-6.365	-7.154
1978	-6.669	-7.195
1979	-6.814	-7.295
1980	-8.443	-7.405
1981	-8.776	-7.443
1982	-7.693	-7.379
1983	-6.016	-7.299
1984	-7.562	-7.267
1985	-7.385	-7.250
1986	-5.740	-7.256
1987	-7.881	-7.321
1988	-9.075	-7.353
1989	-6.463	-7.306
1990	-7.120	-7.261
1991	-8.067	-7.223
1992	-6.496	-7.163
1993	-6.063	-7.142
1994	-7.781	-7.177
1995	-7.280	-7.207
1996	-6.318	-7.242
1997	-7.489	-7.316
1998	-5.879	-7.445
1999	-6.760	-7.670
2000	-8.110	-7.977
